0    0    22   
1    0    39   
2    49   19   
3    49   24   
4    0    40   
5    33   0    
6    0    28   
7    18   49   
8    0    42   
9    48   49   
10   0    44   
11   0    14   
12   47   0    
13   35   49   
14   49   22   
15   49   26   
16   49   12   
17   0    4    
18   30   0    
19   47   49   
20   14   0    
21   18   0    
22   49   4    
23   49   34   
24   0    6    
25   49   17   
26   49   30   
27   11   49   
28   49   9    
29   12   49   
30   23   0    
31   49   48   
32   24   49   
33   0    20   
34   0    5    
35   40   0    
36   0    11   
37   6    0    
38   49   20   
39   49   37   
40   4    49   
41   49   14   
42   13   0    
43   49   42   
44   8    0    
45   2    0    
46   46   49   
47   44   0    
48   39   0    
49   49   39   
50   0    17   
51   0    37   
52   21   49   
53   0    32   
54   45   0    
55   7    49   
56   10   0    
57   41   49   
58   7    0    
59   49   7    
60   49   31   
61   49   21   
62   0    26   
63   22   0    
64   48   0    
65   29   0    
66   49   18   
67   35   0    
68   3    0    
69   0    33   
70   49   47   
71   43   0    
72   49   1    
73   15   0    
74   42   0    
75   45   49   
76   46   0    
77   16   49   
78   10   49   
79   0    2    
80   49   36   
81   6    49   
82   0    24   
83   0    36   
84   0    15   
85   49   10   
86   49   33   
87   20   49   
88   3    49   
89   40   49   
90   49   43   
91   42   49   
92   49   46   
93   49   3    
94   20   0    
95   0    47   
96   0    1    
97   39   49   
98   0    21   
99   9    0    
100  13   49   
101  34   0    
102  49   23   
103  31   49   
104  5    0    
105  0    13   
106  0    10   
107  49   32   
108  49   29   
109  49   27   
110  31   0    
111  26   49   
112  41   0    
113  2    49   
114  49   16   
115  29   49   
116  12   0    
117  49   8    
118  0    43   
119  28   49   
120  23   49   
121  49   28   
122  49   5    
123  27   0    
124  22   49   
125  0    23   
126  0    9    
127  49   2    
128  32   0    
129  27   49   
130  49   41   
131  28   0    
132  0    30   
133  49   44   
134  34   49   
135  21   0    
136  49   38   
137  0    19   
138  37   0    
139  14   49   
140  9    49   
141  1    49   
142  17   0    
143  36   49   
144  15   49   
145  38   49   
146  0    31   
147  1    0    
148  0    7    
149  24   0    
150  4    0    
151  0    45   
152  16   0    
153  5    35   
154  18   28   
155  9    31   
156  31   15   
157  39   12   
158  41   27   
159  15   24   
160  6    40   
161  20   10   
162  35   17   
163  9    23   
164  6    22   
165  21   39   
166  40   13   
167  1    28   
168  38   30   
169  35   7    
170  44   28   
171  20   36   
172  11   25   
173  10   39   
174  30   18   
175  37   7    
176  35   43   
177  28   48   
178  39   25   
179  3    37   
180  2    12   
181  27   40   
182  14   44   
183  17   16   
184  9    41   
185  3    30   
186  39   10   
187  26   26   
188  29   12   
189  36   12   
190  18   38   
191  37   41   
192  27   3    
193  28   9    
194  24   48   
195  4    30   
196  48   31   
197  22   4    
198  34   23   
199  5    32   
200  29   14   
201  24   13   
202  38   19   
203  11   19   
204  35   37   
205  37   16   
206  28   35   
207  4    32   
208  11   16   
209  45   31   
210  18   46   
211  28   43   
212  42   34   
213  41   22   
214  30   14   
215  13   23   
216  7    37   
217  34   8    
218  20   45   
219  22   17   
220  11   22   
221  15   32   
222  47   25   
223  19   30   
224  28   30   
225  25   49   
226  37   11   
227  13   37   
228  15   12   
229  44   29   
230  18   34   
231  41   17   
232  23   42   
233  45   12   
234  17   15   
235  39   36   
236  35   3    
237  48   30   
238  14   23   
239  17   38   
240  35   44   
241  32   22   
242  22   45   
243  41   32   
244  8    12   
245  44   35   
246  44   26   
247  24   10   
248  27   18   
249  45   21   
250  31   42   
251  29   31   
252  23   8    
253  18   45   
254  17   32   
255  14   35   
256  9    24   
257  16   3    
258  13   22   
259  8    25   
260  25   15   
261  17   26   
262  29   28   
263  7    12   
264  25   33   
265  5    28   
266  16   10   
267  39   20   
268  13   41   
269  28   24   
270  39   11   
271  20   44   
272  12   41   
273  7    32   
274  7    8    
275  12   14   
276  47   22   
277  27   29   
278  32   39   
279  3    24   
280  29   22   
281  19   46   
282  6    14   
283  28   19   
284  38   9    
285  25   46   
286  14   17   
287  31   41   
288  31   38   
289  45   32   
290  13   7    
291  29   46   
292  8    32   
293  37   4    
294  8    30   
295  13   9    
296  3    18   
297  29   48   
298  9    32   
299  40   19   
300  36   20   
301  26   9    
302  42   24   
303  20   7    
304  8    40   
305  18   8    
306  40   18   
307  10   28   
308  16   16   
309  21   28   
310  37   29   
311  36   39   
312  22   40   
313  30   10   
314  4    36   
315  38   42   
316  26   46   
317  48   28   
318  3    38   
319  3    33   
320  38   11   
321  32   5    
322  25   11   
323  22   44   
324  37   43   
325  16   7    
326  33   41   
327  30   19   
328  19   31   
329  20   34   
330  28   3    
331  6    16   
332  45   15   
333  26   31   
334  32   14   
335  16   26   
336  16   20   
337  26   38   
338  26   48   
339  41   18   
340  12   42   
341  25   44   
342  33   44   
343  4    14   
344  9    30   
345  8    6    
346  13   42   
347  17   27   
348  42   36   
349  29   34   
350  22   37   
351  11   8    
352  23   41   
353  41   33   
354  21   13   
355  36   37   
356  36   22   
357  37   12   
358  11   12   
359  40   30   
360  34   31   
361  27   6    
362  32   25   
363  45   26   
364  11   15   
365  30   22   
366  11   10   
367  22   27   
368  21   2    
369  9    36   
370  45   22   
371  22   11   
372  33   24   
373  37   19   
374  35   13   
375  23   18   
376  14   41   
377  4    16   
378  16   24   
379  22   2    
380  8    33   
381  13   6    
382  28   46   
383  21   26   
384  28   15   
385  25   1    
386  5    17   
387  20   22   
388  9    34   
389  22   32   
390  38   35   
391  10   26   
392  6    34   
393  27   7    
394  8    19   
395  13   13   
396  28   17   
397  33   37   
398  21   25   
399  3    20   
400  13   32   
401  31   7    
402  15   15   
403  34   42   
404  15   14   
405  24   36   
406  15   31   
407  26   17   
408  30   7    
409  27   11   
410  7    10   
411  5    25   
412  20   32   
413  18   48   
414  5    10   
415  34   33   
416  33   19   
417  7    13   
418  41   11   
419  8    21   
420  46   33   
421  18   17   
422  46   17   
423  8    16   
424  30   15   
425  43   12   
426  48   29   
427  2    38   
428  6    13   
429  20   9    
430  40   25   
431  17   31   
432  37   39   
433  25   32   
434  23   43   
435  38   22   
436  6    29   
437  7    42   
438  5    31   
439  33   47   
440  4    35   
441  35   28   
442  14   36   
443  7    19   
444  35   9    
445  18   13   
446  29   47   
447  32   17   
448  15   27   
449  21   40   
450  20   1    
451  34   39   
452  30   41   
453  19   44   
454  6    10   
455  20   17   
456  39   34   
457  9    28   
458  30   5    
459  22   36   
460  34   36   
461  30   39   
462  21   17   
463  35   11   
464  25   9    
465  36   30   
466  25   35   
467  3    17   
468  15   30   
469  29   40   
470  9    25   
471  14   10   
472  33   32   
473  27   9    
474  20   47   
475  40   27   
476  19   37   
477  26   29   
478  28   25   
479  30   40   
480  32   26   
481  19   40   
482  12   4    
483  25   42   
484  37   33   
485  16   27   
486  15   17   
487  38   44   
488  16   4    
489  48   22   
490  16   8    
491  11   37   
492  23   34   
493  16   30   
494  7    9    
495  12   2    
496  18   41   
497  23   24   
498  2    31   
499  32   6    
500  31   27   
501  19   3    
502  32   30   
503  28   20   
504  12   24   
505  34   3    
506  9    12   
507  11   32   
508  37   8    
509  29   45   
510  11   7    
511  36   27   
512  35   21   
513  17   4    
514  33   27   
515  43   24   
516  25   45   
517  31   45   
518  16   33   
519  43   33   
520  35   45   
521  13   45   
522  4    21   
523  38   25   
524  31   33   
525  27   46   
526  32   48   
527  46   31   
528  12   23   
529  16   42   
530  15   21   
531  14   42   
532  23   3    
533  39   27   
534  19   11   
535  28   11   
536  27   27   
537  6    36   
538  18   30   
539  14   4    
540  32   10   
541  32   45   
542  35   26   
543  41   23   
544  37   35   
545  44   31   
546  28   45   
547  30   20   
548  41   10   
549  17   36   
550  15   7    
551  24   4    
552  20   46   
553  23   5    
554  31   3    
555  36   24   
556  26   14   
557  24   30   
558  6    43   
559  10   38   
560  36   23   
561  34   5    
562  19   39   
563  5    22   
564  36   8    
565  35   40   
566  40   39   
567  31   47   
568  7    31   
569  37   14   
570  45   17   
571  22   35   
572  23   32   
573  17   29   
574  13   30   
575  14   45   
576  34   18   
577  40   28   
578  23   20   
579  39   40   
580  9    27   
581  13   18   
582  18   29   
583  8    9    
584  22   42   
585  33   17   
586  21   21   
587  36   29   
588  34   19   
589  35   29   
590  5    27   
591  9    44   
592  5    18   
593  42   14   
594  41   39   
595  19   8    
596  28   5    
597  13   19   
598  27   41   
599  19   7    
600  24   24   
601  45   25   
602  35   18   
603  25   20   
604  21   3    
605  30   38   
606  39   15   
607  20   19   
608  41   41   
609  24   14   
610  44   14   
611  4    18   
612  24   43   
613  19   12   
614  17   23   
615  6    31   
616  12   40   
617  34   30   
618  19   23   
619  25   40   
620  2    18   
621  42   31   
622  23   21   
623  7    15   
624  8    27   
625  9    19   
626  4    11   
627  29   36   
628  45   34   
629  21   14   
630  6    38   
631  36   26   
632  45   24   
633  8    17   
634  18   42   
635  39   19   
636  21   38   
637  43   29   
638  30   24   
639  15   19   
640  42   23   
641  35   38   
642  20   2    
643  6    27   
644  46   21   
645  37   34   
646  19   17   
647  4    33   
648  29   26   
649  10   44   
650  17   6    
651  40   24   
652  24   29   
653  34   34   
654  42   26   
655  35   33   
656  47   31   
657  7    36   
658  39   18   
659  33   48   
660  37   18   
661  4    13   
662  10   25   
663  18   22   
664  0    25   
665  46   25   
666  8    39   
667  38   17   
668  17   22   
669  18   32   
670  20   18   
671  37   5    
672  39   9    
673  24   28   
674  40   23   
675  16   22   
676  8    37   
677  32   16   
678  40   38   
679  16   11   
680  12   6    
681  5    9    
682  39   13   
683  12   8    
684  44   20   
685  27   15   
686  24   26   
687  38   41   
688  26   20   
689  37   15   
690  29   25   
691  47   14   
692  9    17   
693  9    42   
694  31   20   
695  23   46   
696  38   28   
697  18   7    
698  10   5    
699  3    32   
700  19   32   
701  35   41   
702  13   4    
703  21   4    
704  15   46   
705  44   16   
706  35   42   
707  39   42   
708  34   11   
709  9    11   
710  12   10   
711  33   8    
712  29   43   
713  15   8    
714  25   41   
715  18   12   
716  36   42   
717  24   11   
718  35   36   
719  12   27   
720  27   31   
721  33   28   
722  27   17   
723  21   11   
724  14   30   
725  44   25   
726  18   26   
727  20   3    
728  10   32   
729  30   42   
730  6    35   
731  2    22   
732  17   10   
733  8    8    
734  20   30   
735  33   26   
736  18   15   
737  38   20   
738  16   17   
739  7    28   
740  32   44   
741  21   47   
742  30   16   
743  27   35   
744  20   15   
745  28   39   
746  19   5    
747  44   15   
748  46   27   
749  6    24   
750  45   28   
751  41   19   
752  44   18   
753  42   17   
754  14   32   
755  15   20   
756  39   14   
757  28   36   
758  22   38   
759  10   11   
760  6    21   
761  7    41   
762  32   24   
763  42   35   
764  13   34   
765  34   20   
766  8    7    
767  23   36   
768  17   18   
769  13   35   
770  43   39   
771  11   44   
772  25   47   
773  40   14   
774  6    33   
775  26   12   
776  32   40   
777  34   6    
778  26   7    
779  20   31   
780  23   40   
781  31   48   
782  38   13   
783  18   6    
784  36   6    
785  12   17   
786  28   28   
787  20   6    
788  42   25   
789  24   5    
790  32   42   
791  25   7    
792  20   5    
793  43   15   
794  39   39   
795  33   39   
796  22   20   
797  15   44   
798  5    19   
799  1    31   
800  35   8    
801  5    41   
802  33   15   
803  42   39   
804  40   21   
805  26   30   
806  7    17   
807  12   38   
808  38   12   
809  11   23   
810  48   25   
811  22   3    
812  45   37   
813  23   38   
814  7    26   
815  19   14   
816  36   31   
817  27   26   
818  13   14   
819  21   18   
820  19   2    
821  22   14   
822  20   24   
823  44   17   
824  13   15   
825  13   38   
826  39   44   
827  18   37   
828  16   19   
829  13   40   
830  37   13   
831  12   46   
832  16   47   
833  20   16   
834  32   19   
835  29   21   
836  6    12   
837  32   33   
838  43   26   
839  27   43   
840  25   26   
841  31   11   
842  11   5    
843  19   6    
844  30   25   
845  34   28   
846  42   18   
847  15   42   
848  18   35   
849  24   17   
850  2    32   
851  32   15   
852  31   12   
853  44   11   
854  13   12   
855  5    37   
856  4    24   
857  15   29   
858  23   15   
859  21   16   
860  41   28   
861  27   13   
862  10   40   
863  21   19   
864  37   42   
865  44   30   
866  21   10   
867  37   32   
868  42   11   
869  26   44   
870  27   48   
871  10   7    
872  36   14   
873  31   30   
874  45   30   
875  8    13   
876  39   32   
877  38   36   
878  36   33   
879  42   15   
880  7    34   
881  13   31   
882  41   29   
883  6    26   
884  8    35   
885  46   29   
886  33   31   
887  33   3    
888  43   35   
889  40   7    
890  16   15   
891  34   2    
892  1    16   
893  33   42   
894  19   45   
895  26   41   
896  25   2    
897  16   39   
898  33   11   
899  41   13   
900  11   28   
901  31   18   
902  35   31   
903  21   20   
904  30   44   
905  42   22   
906  33   18   
907  21   42   
908  22   28   
909  6    19   
910  24   45   
911  22   18   
912  2    24   
913  26   3    
914  46   19   
915  5    29   
916  38   34   
917  17   34   
918  14   12   
919  22   47   
920  26   6    
921  25   30   
922  32   11   
923  38   31   
924  36   5    
925  17   9    
926  29   6    
927  26   16   
928  25   18   
929  17   45   
930  8    36   
931  19   18   
932  29   15   
933  36   40   
934  43   18   
935  10   8    
936  30   30   
937  8    23   
938  14   13   
939  32   21   
940  4    28   
941  23   14   
942  28   1    
943  36   46   
944  38   29   
945  41   9    
946  41   36   
947  40   33   
948  34   32   
949  18   40   
950  12   7    
951  10   41   
952  12   11   
953  32   9    
954  33   25   
955  23   37   
956  24   8    
957  25   19   
958  29   17   
959  12   39   
960  34   29   
961  35   32   
962  30   35   
963  34   15   
964  20   25   
965  5    34   
966  23   7    
967  18   2    
968  8    34   
969  11   30   
970  13   24   
971  34   40   
972  34   35   
973  21   44   
974  29   23   
975  21   9    
976  26   22   
977  29   33   
978  27   47   
979  33   9    
980  35   34   
981  31   25   
982  20   11   
983  29   35   
984  16   36   
985  37   21   
986  5    30   
987  44   22   
988  22   33   
989  15   43   
990  32   37   
991  46   35   
992  12   26   
993  15   38   
994  30   36   
995  43   34   
996  19   19   
997  2    21   
998  38   26   
999  19   41   
1000 33   33   
1001 10   10   
1002 41   40   
1003 15   45   
1004 34   43   
1005 19   34   
1006 34   17   
1007 30   8    
1008 30   27   
1009 36   34   
1010 34   25   
1011 8    22   
1012 9    43   
1013 15   41   
1014 40   15   
1015 35   15   
1016 8    10   
1017 15   25   
1018 24   20   
1019 21   34   
1020 22   46   
1021 27   34   
1022 20   28   
1023 14   19   
1024 28   14   
1025 8    24   
1026 25   36   
1027 46   26   
1028 33   35   
1029 19   43   
1030 16   34   
1031 24   40   
1032 43   27   
1033 18   33   
1034 31   6    
1035 23   39   
1036 25   24   
1037 19   22   
1038 33   16   
1039 29   8    
1040 26   43   
1041 25   13   
1042 24   35   
1043 38   43   
1044 44   19   
1045 22   22   
1046 31   44   
1047 28   10   
1048 27   42   
1049 27   4    
1050 37   45   
1051 11   18   
1052 10   17   
1053 17   35   
1054 25   21   
1055 31   13   
1056 42   19   
1057 21   36   
1058 17   44   
1059 9    29   
1060 33   6    
1061 31   8    
1062 21   15   
1063 19   48   
1064 35   39   
1065 20   27   
1066 22   39   
1067 17   14   
1068 27   16   
1069 29   30   
1070 22   15   
1071 48   21   
1072 29   27   
1073 35   30   
1074 21   31   
1075 12   31   
1076 17   41   
1077 24   31   
1078 18   21   
1079 24   42   
1080 1    23   
1081 12   44   
1082 17   47   
1083 15   40   
1084 35   24   
1085 21   43   
1086 21   12   
1087 6    25   
1088 3    22   
1089 15   9    
1090 11   41   
1091 14   29   
1092 16   35   
1093 7    29   
1094 24   34   
1095 4    38   
1096 2    26   
1097 35   12   
1098 27   1    
1099 46   23   
1100 8    20   
1101 15   37   
1102 15   3    
1103 42   13   
1104 32   4    
1105 38   38   
1106 5    38   
1107 21   23   
1108 39   24   
1109 16   9    
1110 34   44   
1111 20   39   
1112 13   28   
1113 12   35   
1114 20   4    
1115 40   26   
1116 40   37   
1117 10   35   
1118 31   36   
1119 17   1    
1120 30   4    
1121 30   6    
1122 15   22   
1123 26   8    
1124 21   24   
1125 31   5    
1126 9    35   
1127 5    33   
1128 23   17   
1129 38   16   
1130 44   21   
1131 40   20   
1132 47   30   
1133 12   22   
1134 37   9    
1135 30   29   
1136 37   25   
1137 21   7    
1138 7    18   
1139 40   32   
1140 34   41   
1141 33   36   
1142 22   29   
1143 11   33   
1144 5    13   
1145 35   16   
1146 47   32   
1147 46   20   
1148 21   30   
1149 10   20   
1150 2    13   
1151 10   27   
1152 24   19   
1153 2    17   
1154 30   9    
1155 37   38   
1156 41   43   
1157 15   5    
1158 40   34   
1159 28   8    
1160 4    26   
1161 8    15   
1162 40   40   
1163 31   31   
1164 22   41   
1165 27   33   
1166 19   27   
1167 24   46   
1168 25   10   
1169 42   33   
1170 12   20   
1171 27   10   
1172 11   31   
1173 34   21   
1174 33   23   
1175 26   1    
1176 31   4    
1177 21   48   
1178 32   18   
1179 44   34   
1180 25   25   
1181 43   21   
1182 46   24   
1183 35   5    
1184 16   5    
1185 15   18   
1186 4    17   
1187 32   31   
1188 11   21   
1189 11   17   
1190 30   21   
1191 6    9    
1192 5    39   
1193 14   21   
1194 23   11   
1195 18   36   
1196 28   16   
1197 41   25   
1198 31   19   
1199 9    20   
1200 46   36   
1201 16   23   
1202 39   38   
1203 25   34   
1204 44   13   
1205 36   43   
1206 30   45   
1207 7    38   
1208 19   16   
1209 12   9    
1210 39   7    
1211 27   38   
1212 37   28   
1213 12   15   
1214 20   38   
1215 26   2    
1216 43   16   
1217 17   11   
1218 25   17   
1219 37   22   
1220 43   36   
1221 33   21   
1222 41   42   
1223 22   24   
1224 42   29   
1225 34   13   
1226 32   41   
1227 22   1    
1228 12   19   
1229 22   5    
1230 29   39   
1231 14   6    
1232 26   11   
1233 34   4    
1234 8    31   
1235 43   23   
1236 23   45   
1237 33   22   
1238 44   24   
1239 37   40   
1240 7    27   
1241 39   21   
1242 26   28   
1243 18   16   
1244 14   39   
1245 36   21   
1246 29   2    
1247 9    38   
1248 38   27   
1249 20   43   
1250 40   36   
1251 29   42   
1252 24   16   
1253 40   17   
1254 22   34   
1255 30   46   
1256 36   28   
1257 17   42   
1258 38   24   
1259 27   5    
1260 41   38   
1261 39   28   
1262 14   15   
1263 24   1    
1264 12   32   
1265 25   27   
1266 48   24   
1267 19   33   
1268 17   5    
1269 31   43   
1270 9    21   
1271 8    29   
1272 41   34   
1273 45   18   
1274 44   27   
1275 24   15   
1276 38   10   
1277 2    25   
1278 8    42   
1279 20   12   
1280 23   6    
1281 3    23   
1282 23   2    
1283 20   26   
1284 35   27   
1285 39   26   
1286 1    19   
1287 18   20   
1288 22   6    
1289 28   41   
1290 12   21   
1291 29   44   
1292 23   27   
1293 38   15   
1294 36   38   
1295 27   23   
1296 43   28   
1297 28   2    
1298 5    26   
1299 13   39   
1300 23   4    
1301 18   47   
1302 9    33   
1303 36   36   
1304 31   16   
1305 7    39   
1306 22   31   
1307 40   42   
1308 30   32   
1309 2    30   
1310 40   29   
1311 32   35   
1312 7    20   
1313 21   32   
1314 22   9    
1315 21   8    
1316 36   48   
1317 47   29   
1318 37   27   
1319 22   16   
1320 25   37   
1321 17   7    
1322 31   34   
1323 16   32   
1324 36   11   
1325 28   27   
1326 24   27   
1327 19   15   
1328 28   22   
1329 19   10   
1330 8    28   
1331 36   44   
1332 36   15   
1333 15   2    
1334 36   19   
1335 28   26   
1336 17   13   
1337 28   32   
1338 4    22   
1339 3    16   
1340 4    19   
1341 45   16   
1342 27   37   
1343 9    39   
1344 47   24   
1345 30   12   
1346 29   5    
1347 35   19   
1348 19   38   
1349 21   37   
1350 19   9    
1351 34   7    
1352 36   7    
1353 11   39   
1354 47   21   
1355 26   19   
1356 36   17   
1357 24   2    
1358 19   25   
1359 26   39   
1360 19   4    
1361 3    13   
1362 49   25   
1363 26   25   
1364 32   43   
1365 27   19   
1366 29   29   
1367 20   14   
1368 4    27   
1369 16   37   
1370 6    15   
1371 16   31   
1372 24   12   
1373 12   13   
1374 23   16   
1375 34   46   
1376 25   28   
1377 28   23   
1378 9    14   
1379 29   37   
1380 11   29   
1381 26   13   
1382 33   30   
1383 14   25   
1384 20   41   
1385 12   43   
1386 36   45   
1387 32   34   
1388 19   20   
1389 37   24   
1390 25   31   
1391 19   28   
1392 37   37   
1393 43   19   
1394 37   31   
1395 22   30   
1396 44   37   
1397 21   22   
1398 25   8    
1399 7    25   
1400 18   18   
1401 43   38   
1402 16   18   
1403 13   36   
1404 18   44   
1405 29   3    
1406 47   20   
1407 13   33   
1408 30   3    
1409 22   43   
1410 34   16   
1411 23   9    
1412 27   24   
1413 31   29   
1414 5    11   
1415 28   33   
1416 22   12   
1417 30   49   
1418 34   24   
1419 26   40   
1420 13   21   
1421 11   26   
1422 24   44   
1423 46   18   
1424 12   33   
1425 40   11   
1426 46   28   
1427 34   10   
1428 29   32   
1429 26   34   
1430 5    15   
1431 20   23   
1432 16   13   
1433 7    43   
1434 39   17   
1435 11   24   
1436 17   40   
1437 40   22   
1438 10   30   
1439 6    8    
1440 24   33   
1441 7    33   
1442 26   33   
1443 10   22   
1444 14   37   
1445 28   38   
1446 10   43   
1447 38   18   
1448 30   28   
1449 4    20   
1450 9    7    
1451 13   5    
1452 33   7    
1453 19   26   
1454 26   15   
1455 34   22   
1456 12   18   
1457 31   2    
1458 38   37   
1459 28   18   
1460 13   43   
1461 14   16   
1462 30   17   
1463 46   32   
1464 35   23   
1465 43   17   
1466 29   20   
1467 34   38   
1468 21   27   
1469 22   13   
1470 5    14   
1471 22   26   
1472 12   28   
1473 34   37   
1474 13   25   
1475 23   48   
1476 42   9    
1477 7    11   
1478 34   27   
1479 41   14   
1480 16   43   
1481 20   8    
1482 23   31   
1483 4    29   
1484 3    26   
1485 4    31   
1486 14   18   
1487 17   17   
1488 13   10   
1489 28   42   
1490 32   23   
1491 15   4    
1492 14   26   
1493 16   29   
1494 9    37   
1495 18   14   
1496 12   12   
1497 44   33   
1498 16   46   
1499 11   13   
1500 43   14   
1501 18   27   
1502 36   9    
1503 8    18   
1504 10   13   
1505 23   25   
1506 13   27   
1507 12   5    
1508 35   14   
1509 17   8    
1510 32   29   
1511 15   23   
1512 5    12   
1513 23   30   
1514 3    25   
1515 26   42   
1516 7    16   
1517 43   37   
1518 22   23   
1519 21   46   
1520 32   47   
1521 23   10   
1522 15   26   
1523 41   20   
1524 30   13   
1525 20   20   
1526 6    39   
1527 37   17   
1528 26   27   
1529 8    38   
1530 8    41   
1531 32   12   
1532 35   22   
1533 5    16   
1534 30   11   
1535 27   20   
1536 40   43   
1537 16   28   
1538 30   33   
1539 41   12   
1540 9    40   
1541 1    26   
1542 22   8    
1543 36   35   
1544 3    28   
1545 28   29   
1546 15   13   
1547 25   12   
1548 15   47   
1549 28   34   
1550 47   26   
1551 39   46   
1552 17   12   
1553 31   21   
1554 3    31   
1555 26   10   
1556 32   7    
1557 45   19   
1558 10   24   
1559 24   37   
1560 21   1    
1561 5    21   
1562 18   3    
1563 21   41   
1564 3    21   
1565 39   31   
1566 16   12   
1567 10   16   
1568 14   34   
1569 36   18   
1570 7    40   
1571 30   26   
1572 11   11   
1573 15   33   
1574 9    26   
1575 37   10   
1576 20   35   
1577 24   3    
1578 7    22   
1579 30   23   
1580 23   1    
1581 29   16   
1582 29   7    
1583 14   14   
1584 24   41   
1585 6    30   
1586 10   18   
1587 5    24   
1588 28   37   
1589 38   7    
1590 42   40   
1591 11   36   
1592 42   12   
1593 19   21   
1594 21   45   
1595 26   32   
1596 43   20   
1597 38   8    
1598 2    29   
1599 42   20   
1600 10   15   
1601 23   23   
1602 24   38   
1603 38   45   
1604 25   43   
1605 17   28   
1606 1    29   
1607 14   33   
1608 7    14   
1609 47   19   
1610 29   24   
1611 26   4    
1612 10   21   
1613 31   28   
1614 14   11   
1615 38   39   
1616 32   8    
1617 18   39   
1618 11   14   
1619 25   22   
1620 17   39   
1621 8    11   
1622 12   45   
1623 25   5    
1624 45   27   
1625 35   35   
1626 17   21   
1627 30   48   
1628 13   44   
1629 27   14   
1630 31   35   
1631 15   34   
1632 35   6    
1633 10   23   
1634 33   45   
1635 35   4    
1636 39   37   
1637 32   28   
1638 22   21   
1639 39   30   
1640 23   13   
1641 26   18   
1642 14   31   
1643 38   33   
1644 23   47   
1645 33   12   
1646 31   14   
1647 29   38   
1648 6    20   
1649 24   21   
1650 14   5    
1651 29   10   
1652 33   20   
1653 46   30   
1654 18   10   
1655 4    15   
1656 21   29   
1657 27   22   
1658 45   23   
1659 29   11   
1660 43   32   
1661 2    19   
1662 47   27   
1663 10   19   
1664 9    16   
1665 31   10   
1666 34   26   
1667 20   21   
1668 6    28   
1669 39   16   
1670 29   41   
1671 9    13   
1672 13   11   
1673 35   25   
1674 6    11   
1675 36   32   
1676 42   16   
1677 6    17   
1678 27   8    
1679 39   22   
1680 16   41   
1681 37   36   
1682 16   45   
1683 12   36   
1684 26   36   
1685 14   9    
1686 27   32   
1687 9    8    
1688 19   42   
1689 38   14   
1690 34   12   
1691 40   41   
1692 45   14   
1693 31   40   
1694 45   29   
1695 27   25   
1696 27   39   
1697 41   35   
1698 25   48   
1699 32   20   
1700 46   22   
1701 18   5    
1702 41   37   
1703 41   15   
1704 19   29   
1705 32   46   
1706 11   35   
1707 33   43   
1708 48   32   
1709 28   40   
1710 38   23   
1711 24   32   
1712 33   10   
1713 26   24   
1714 7    21   
1715 13   20   
1716 16   40   
1717 14   28   
1718 24   9    
1719 2    16   
1720 23   33   
1721 32   32   
1722 7    35   
1723 24   25   
1724 8    5    
1725 22   25   
1726 12   16   
1727 4    12   
1728 18   25   
1729 33   13   
1730 48   19   
1731 21   35   
1732 22   19   
1733 42   21   
1734 46   34   
1735 32   27   
1736 21   5    
1737 9    6    
1738 32   36   
1739 44   12   
1740 15   39   
1741 7    24   
1742 16   25   
1743 23   22   
1744 38   21   
1745 43   25   
1746 12   25   
1747 31   46   
1748 43   30   
1749 43   40   
1750 11   9    
1751 28   4    
1752 27   30   
1753 37   46   
1754 26   23   
1755 45   33   
1756 23   44   
1757 31   39   
1758 42   37   
1759 36   41   
1760 44   38   
1761 23   28   
1762 44   32   
1763 12   30   
1764 21   33   
1765 29   19   
1766 10   29   
1767 33   38   
1768 5    36   
1769 15   16   
1770 19   24   
1771 27   36   
1772 10   31   
1773 11   34   
1774 31   26   
1775 41   30   
1776 36   10   
1777 38   40   
1778 42   28   
1779 13   26   
1780 11   38   
1781 30   34   
1782 41   31   
1783 26   5    
1784 5    20   
1785 4    25   
1786 45   36   
1787 30   31   
1788 28   6    
1789 14   20   
1790 17   24   
1791 31   9    
1792 31   17   
1793 13   29   
1794 37   23   
1795 41   16   
1796 17   25   
1797 14   47   
1798 24   23   
1799 30   47   
1800 33   34   
1801 34   14   
1802 19   1    
1803 37   30   
1804 0    27   
1805 40   9    
1806 43   22   
1807 18   24   
1808 6    23   
1809 20   13   
1810 18   43   
1811 9    22   
1812 37   26   
1813 29   4    
1814 11   40   
1815 31   24   
1816 14   40   
1817 16   44   
1818 2    27   
1819 23   29   
1820 39   33   
1821 9    9    
1822 18   23   
1823 23   19   
1824 42   30   
1825 17   20   
1826 28   12   
1827 13   16   
1828 17   37   
1829 16   21   
1830 28   47   
1831 12   37   
1832 33   14   
1833 25   14   
1834 44   36   
1835 10   36   
1836 23   35   
1837 9    18   
1838 28   44   
1839 25   4    
1840 6    18   
1841 22   7    
1842 13   8    
1843 39   35   
1844 34   45   
1845 14   24   
1846 12   29   
1847 2    15   
1848 14   27   
1849 40   31   
1850 39   23   
1851 10   33   
1852 26   21   
1853 28   31   
1854 18   31   
1855 14   8    
1856 23   26   
1857 18   4    
1858 26   47   
1859 33   46   
1860 40   12   
1861 24   7    
1862 14   38   
1863 37   20   
1864 34   9    
1865 40   16   
1866 35   10   
1867 24   6    
1868 25   3    
1869 4    34   
1870 36   25   
1871 33   4    
1872 15   35   
1873 39   29   
1874 38   4    
1875 32   13   
1876 8    26   
1877 14   43   
1878 25   16   
1879 25   6    
1880 42   38   
1881 31   23   
1882 10   14   
1883 26   45   
1884 11   43   
1885 47   28   
1886 20   42   
1887 27   45   
1888 19   13   
1889 15   11   
1890 33   29   
1891 17   30   
1892 17   19   
1893 25   29   
1894 1    25   
1895 10   37   
1896 7    23   
1897 40   10   
1898 20   40   
1899 29   13   
1900 13   46   
1901 24   47   
1902 39   8    
1903 19   36   
1904 10   6    
1905 12   34   
1906 29   9    
1907 26   37   
1908 10   34   
1909 11   20   
1910 4    23   
1911 27   44   
1912 18   9    
1913 42   27   
1914 16   38   
1915 3    27   
1916 3    29   
1917 39   43   
1918 9    15   
1919 20   29   
1920 14   22   
1921 11   47   
1922 10   9    
1923 15   10   
1924 15   36   
1925 24   18   
1926 43   31   
1927 36   13   
1928 42   32   
1929 1    27   
1930 31   37   
1931 35   20   
1932 27   2    
1933 27   12   
1934 19   35   
1935 11   27   
1936 47   23   
1937 21   6    
1938 24   39   
1939 20   33   
1940 19   49   
1941 23   12   
1942 31   32   
1943 3    19   
1944 14   7    
1945 28   13   
1946 18   19   
1947 29   18   
1948 30   37   
1949 7    30   
1950 45   20   
1951 25   39   
1952 38   32   
1953 27   21   
1954 39   41   
1955 31   22   
1956 25   23   
1957 33   5    
1958 9    10   
1959 41   26   
1960 44   23   
1961 16   14   
1962 27   28   
1963 17   43   
1964 32   38   
1965 25   38   
1966 22   10   
1967 30   43   
1968 10   42   
1969 20   37   
1970 2    23   
1971 41   21   
1972 11   42   
1973 40   35   
1974 28   21   
1975 41   24   
1976 45   35   
1977 42   41   
1978 43   13   
1979 5    23   
1980 17   33   
1981 16   6    
1982 18   11   
1983 13   17   
1984 6    37   
1985 6    32   
1986 36   16   
1987 3    34   
1988 15   28   
1989 15   6    
1990 26   35   
1991 28   7    
1992 33   40   
1993 10   12   
1994 24   22   
1995 8    14   
