0    29   18   
1    29   26   
2    29   10   
3    4    0    
4    17   29   
5    0    2    
6    0    26   
7    23   0    
8    3    29   
9    26   0    
10   29   21   
11   29   6    
12   24   0    
13   0    17   
14   0    4    
15   17   0    
16   0    3    
17   2    29   
18   3    0    
19   27   29   
20   9    0    
21   10   29   
22   29   13   
23   0    14   
24   0    21   
25   16   29   
26   0    27   
27   25   29   
28   29   3    
29   0    18   
30   11   0    
31   25   0    
32   20   29   
33   29   27   
34   29   5    
35   14   0    
36   23   29   
37   22   0    
38   14   29   
39   0    20   
40   29   4    
41   8    29   
42   20   0    
43   7    0    
44   29   22   
45   29   7    
46   29   15   
47   21   29   
48   29   24   
49   1    29   
50   7    29   
51   29   28   
52   29   1    
53   0    12   
54   16   0    
55   15   0    
56   29   11   
57   0    25   
58   5    0    
59   0    23   
60   29   8    
61   21   0    
62   19   29   
63   4    29   
64   0    28   
65   0    8    
66   1    0    
67   29   20   
68   12   0    
69   2    0    
70   8    0    
71   29   23   
72   0    11   
73   0    1    
74   29   19   
75   0    15   
76   27   0    
77   13   29   
78   28   29   
79   29   16   
80   29   2    
81   0    16   
82   0    5    
83   15   29   
84   10   0    
85   29   9    
86   12   29   
87   19   0    
88   0    22   
89   8    25   
90   17   25   
91   14   11   
92   12   14   
93   5    13   
94   11   4    
95   16   27   
96   24   6    
97   18   6    
98   14   3    
99   6    9    
100  10   14   
101  26   10   
102  22   4    
103  15   14   
104  12   2    
105  17   22   
106  2    8    
107  4    10   
108  10   6    
109  6    18   
110  23   17   
111  15   19   
112  6    12   
113  20   10   
114  21   3    
115  8    4    
116  16   3    
117  19   9    
118  13   21   
119  12   27   
120  20   16   
121  7    25   
122  5    24   
123  24   13   
124  5    19   
125  1    13   
126  5    18   
127  9    15   
128  12   18   
129  4    4    
130  19   7    
131  25   19   
132  17   13   
133  5    8    
134  10   12   
135  25   8    
136  26   9    
137  16   25   
138  14   26   
139  26   24   
140  18   13   
141  6    4    
142  5    6    
143  14   5    
144  14   12   
145  17   14   
146  18   15   
147  11   7    
148  16   18   
149  4    21   
150  6    5    
151  20   21   
152  25   18   
153  15   6    
154  23   11   
155  21   25   
156  24   16   
157  10   21   
158  7    7    
159  23   12   
160  8    19   
161  2    15   
162  2    19   
163  17   7    
164  8    11   
165  11   17   
166  27   15   
167  8    9    
168  22   21   
169  5    25   
170  1    15   
171  5    17   
172  19   12   
173  20   20   
174  16   24   
175  24   8    
176  18   12   
177  16   17   
178  23   15   
179  16   21   
180  16   19   
181  21   22   
182  11   3    
183  9    27   
184  1    11   
185  15   4    
186  12   21   
187  19   11   
188  4    14   
189  17   15   
190  10   16   
191  8    17   
192  15   25   
193  18   16   
194  15   22   
195  16   5    
196  13   2    
197  27   17   
198  16   2    
199  26   7    
200  7    15   
201  17   10   
202  9    20   
203  19   15   
204  6    17   
205  21   9    
206  18   25   
207  12   26   
208  20   11   
209  21   16   
210  12   4    
211  18   27   
212  12   16   
213  5    11   
214  19   2    
215  26   13   
216  11   13   
217  6    21   
218  14   8    
219  20   9    
220  25   14   
221  16   10   
222  1    9    
223  8    18   
224  11   16   
225  14   20   
226  11   1    
227  25   13   
228  13   8    
229  26   21   
230  17   9    
231  5    5    
232  26   14   
233  9    19   
234  1    17   
235  24   21   
236  8    3    
237  21   21   
238  10   23   
239  9    4    
240  6    10   
241  12   25   
242  19   14   
243  23   18   
244  4    13   
245  26   6    
246  2    18   
247  9    12   
248  10   15   
249  22   20   
250  19   13   
251  24   18   
252  12   28   
253  6    14   
254  15   16   
255  16   11   
256  21   18   
257  12   10   
258  19   23   
259  14   25   
260  17   26   
261  26   15   
262  16   7    
263  11   2    
264  26   18   
265  19   26   
266  18   17   
267  10   4    
268  4    20   
269  10   13   
270  19   27   
271  23   8    
272  8    23   
273  3    7    
274  25   15   
275  13   23   
276  15   2    
277  11   5    
278  10   26   
279  27   18   
280  20   15   
281  20   6    
282  21   27   
283  13   6    
284  23   23   
285  15   7    
286  12   1    
287  13   7    
288  24   7    
289  17   4    
290  17   12   
291  9    6    
292  7    14   
293  22   11   
294  23   16   
295  10   3    
296  20   24   
297  19   6    
298  8    10   
299  13   25   
300  20   17   
301  11   9    
302  9    16   
303  20   2    
304  24   5    
305  15   18   
306  1    19   
307  3    19   
308  6    13   
309  22   8    
310  3    11   
311  22   19   
312  14   4    
313  20   8    
314  24   15   
315  7    8    
316  12   22   
317  5    15   
318  10   9    
319  4    18   
320  19   8    
321  26   19   
322  11   10   
323  7    6    
324  17   16   
325  23   7    
326  17   23   
327  2    10   
328  12   20   
329  26   12   
330  14   2    
331  7    13   
332  25   10   
333  27   7    
334  20   27   
335  21   7    
336  21   15   
337  21   4    
338  6    6    
339  8    7    
340  4    5    
341  15   21   
342  9    18   
343  10   18   
344  3    9    
345  23   9    
346  9    7    
347  5    20   
348  11   15   
349  9    13   
350  7    21   
351  10   17   
352  6    23   
353  8    22   
354  5    16   
355  21   13   
356  12   17   
357  25   23   
358  18   26   
359  13   3    
360  14   16   
361  9    11   
362  23   25   
363  20   12   
364  14   14   
365  23   6    
366  18   28   
367  19   16   
368  12   3    
369  15   28   
370  17   28   
371  21   28   
372  12   15   
373  15   26   
374  4    19   
375  6    24   
376  14   15   
377  22   16   
378  21   6    
379  15   11   
380  16   8    
381  7    23   
382  25   21   
383  12   5    
384  8    21   
385  10   11   
386  18   5    
387  19   24   
388  14   27   
389  19   18   
390  11   19   
391  25   7    
392  15   24   
393  2    14   
394  15   27   
395  11   12   
396  24   20   
397  23   13   
398  19   19   
399  2    9    
400  25   20   
401  22   22   
402  3    12   
403  26   8    
404  18   23   
405  15   9    
406  14   21   
407  26   20   
408  17   18   
409  27   20   
410  24   14   
411  3    20   
412  5    23   
413  18   19   
414  22   25   
415  24   24   
416  17   27   
417  10   8    
418  12   13   
419  21   17   
420  22   14   
421  27   9    
422  12   8    
423  13   5    
424  19   22   
425  7    17   
426  3    22   
427  13   28   
428  3    17   
429  8    27   
430  15   12   
431  4    15   
432  3    6    
433  7    18   
434  15   3    
435  13   27   
436  13   13   
437  11   6    
438  15   15   
439  5    10   
440  17   2    
441  18   10   
442  27   14   
443  23   4    
444  13   17   
445  6    15   
446  21   10   
447  16   9    
448  12   7    
449  10   19   
450  10   20   
451  16   14   
452  20   7    
453  15   20   
454  10   22   
455  22   18   
456  22   7    
457  11   8    
458  8    24   
459  22   15   
460  11   23   
461  12   6    
462  2    6    
463  24   3    
464  11   14   
465  4    12   
466  7    16   
467  20   14   
468  7    19   
469  23   20   
470  5    22   
471  1    14   
472  22   17   
473  14   23   
474  21   8    
475  7    9    
476  20   5    
477  9    5    
478  28   15   
479  13   4    
480  23   24   
481  13   10   
482  4    7    
483  13   16   
484  27   21   
485  19   17   
486  8    12   
487  4    22   
488  23   19   
489  19   20   
490  3    16   
491  16   16   
492  11   21   
493  11   18   
494  27   10   
495  3    10   
496  10   25   
497  28   13   
498  24   12   
499  24   25   
500  11   24   
501  21   11   
502  4    11   
503  19   10   
504  28   9    
505  24   17   
506  22   23   
507  14   17   
508  4    25   
509  3    21   
510  8    8    
511  16   28   
512  2    17   
513  19   25   
514  27   11   
515  22   26   
516  27   13   
517  17   21   
518  28   16   
519  10   7    
520  4    23   
521  8    26   
522  5    21   
523  11   25   
524  11   20   
525  21   19   
526  6    20   
527  18   22   
528  11   27   
529  20   25   
530  22   24   
531  13   18   
532  14   22   
533  15   8    
534  21   26   
535  25   16   
536  18   18   
537  21   23   
538  25   12   
539  28   14   
540  3    18   
541  10   24   
542  15   1    
543  9    2    
544  4    9    
545  25   9    
546  18   9    
547  3    14   
548  16   13   
549  23   22   
550  10   5    
551  17   8    
552  25   11   
553  12   19   
554  5    7    
555  9    23   
556  9    17   
557  7    11   
558  23   14   
559  24   23   
560  14   1    
561  6    11   
562  14   9    
563  18   14   
564  18   24   
565  16   6    
566  26   17   
567  8    13   
568  13   26   
569  17   24   
570  13   9    
571  18   20   
572  4    17   
573  22   12   
574  12   23   
575  5    9    
576  5    14   
577  18   7    
578  22   5    
579  19   3    
580  9    3    
581  9    9    
582  9    14   
583  25   24   
584  19   4    
585  15   10   
586  20   13   
587  7    10   
588  19   5    
589  13   15   
590  4    16   
591  23   5    
592  21   14   
593  2    16   
594  14   10   
595  27   12   
596  20   22   
597  26   23   
598  17   11   
599  26   22   
600  2    13   
601  15   23   
602  24   10   
603  21   24   
604  2    11   
605  6    22   
606  7    22   
607  8    15   
608  14   13   
609  26   11   
610  8    6    
611  20   19   
612  6    7    
613  20   26   
614  8    16   
615  13   19   
616  11   22   
617  20   4    
618  4    8    
619  22   10   
620  25   17   
621  9    22   
622  23   21   
623  14   19   
624  18   21   
625  9    21   
626  20   3    
627  22   9    
628  6    16   
629  24   22   
630  3    13   
631  9    8    
632  5    12   
633  19   21   
634  12   24   
635  22   13   
636  7    4    
637  14   7    
638  24   9    
639  27   16   
640  17   5    
641  18   4    
642  17   20   
643  21   5    
644  7    5    
645  10   2    
646  14   28   
647  12   9    
648  18   2    
649  26   16   
650  3    15   
651  10   10   
652  13   20   
653  6    3    
654  16   22   
655  7    26   
656  12   11   
657  17   17   
658  14   24   
659  16   4    
660  1    12   
661  7    24   
662  13   22   
663  14   18   
664  21   12   
665  20   23   
666  24   19   
667  7    3    
668  16   12   
669  23   10   
670  25   22   
671  17   6    
672  16   1    
673  10   27   
674  16   20   
675  16   15   
676  7    12   
677  16   26   
678  13   14   
679  6    19   
680  3    8    
681  13   12   
682  15   17   
683  7    20   
684  21   20   
685  6    8    
686  8    5    
687  1    10   
688  4    6    
689  15   13   
690  17   19   
691  11   26   
692  13   24   
693  17   3    
694  8    2    
695  10   28   
696  25   6    
697  8    14   
698  9    26   
699  15   5    
700  20   18   
701  8    20   
702  24   11   
703  2    12   
704  13   11   
705  9    25   
706  22   6    
707  9    10   
708  16   23   
709  18   11   
710  11   11   
711  18   8    
712  12   12   
713  9    24   
714  18   3    
715  14   6    
