0    29   17   
1    29   1    
2    0    13   
3    11   0    
4    29   23   
5    10   0    
6    0    23   
7    29   10   
8    29   5    
9    5    0    
10   0    18   
11   6    29   
12   29   7    
13   29   4    
14   25   29   
15   11   29   
16   16   29   
17   21   0    
18   6    0    
19   0    19   
20   17   0    
21   15   0    
22   9    29   
23   0    4    
24   24   0    
25   23   29   
26   25   0    
27   23   0    
28   0    11   
29   29   28   
30   12   29   
31   0    16   
32   29   12   
33   29   9    
34   29   21   
35   3    29   
36   0    15   
37   26   0    
38   29   8    
39   4    29   
40   0    9    
41   0    6    
42   20   0    
43   29   13   
44   15   29   
45   24   29   
46   0    21   
47   29   22   
48   18   29   
49   29   2    
50   22   0    
51   20   29   
52   8    0    
53   19   0    
54   19   29   
55   29   16   
56   12   0    
57   7    0    
58   14   29   
59   8    29   
60   0    10   
61   26   29   
62   29   26   
63   0    26   
64   10   29   
65   0    3    
66   29   27   
67   0    24   
68   17   29   
69   29   3    
70   29   20   
71   0    1    
72   1    29   
73   0    12   
74   0    25   
75   27   29   
76   28   0    
77   29   15   
78   2    0    
79   0    14   
80   0    27   
81   3    0    
82   29   11   
83   13   29   
84   14   0    
85   0    20   
86   2    29   
87   7    29   
88   29   18   
89   29   6    
90   1    0    
91   0    22   
92   28   29   
93   22   29   
94   4    0    
95   0    7    
96   13   0    
97   27   0    
98   21   29   
99   0    28   
100  7    23   
101  6    6    
102  19   14   
103  17   13   
104  12   8    
105  9    23   
106  25   20   
107  15   21   
108  22   24   
109  6    20   
110  19   15   
111  13   18   
112  18   21   
113  21   3    
114  9    20   
115  2    11   
116  12   7    
117  9    24   
118  7    22   
119  6    5    
120  15   18   
121  25   16   
122  19   24   
123  22   23   
124  22   26   
125  10   2    
126  19   4    
127  8    21   
128  16   10   
129  23   20   
130  22   10   
131  11   24   
132  20   2    
133  23   1    
134  11   13   
135  5    12   
136  7    18   
137  11   2    
138  14   20   
139  20   1    
140  18   8    
141  6    13   
142  13   12   
143  19   20   
144  13   23   
145  11   3    
146  16   1    
147  6    16   
148  24   24   
149  28   9    
150  11   11   
151  5    10   
152  6    14   
153  8    26   
154  9    19   
155  8    24   
156  23   27   
157  4    6    
158  22   20   
159  15   9    
160  25   8    
161  7    20   
162  15   11   
163  18   15   
164  7    15   
165  6    8    
166  16   11   
167  11   1    
168  21   16   
169  25   27   
170  21   22   
171  14   12   
172  11   4    
173  20   11   
174  14   19   
175  4    19   
176  15   20   
177  8    9    
178  13   4    
179  20   24   
180  2    19   
181  11   23   
182  15   10   
183  15   13   
184  10   26   
185  10   14   
186  26   23   
187  28   21   
188  6    2    
189  16   27   
190  5    3    
191  22   18   
192  10   25   
193  19   6    
194  7    5    
195  27   22   
196  6    3    
197  22   19   
198  10   15   
199  2    22   
200  6    10   
201  3    6    
202  8    8    
203  20   10   
204  21   7    
205  22   8    
206  19   2    
207  8    6    
208  1    15   
209  6    17   
210  14   9    
211  25   9    
212  24   4    
213  13   15   
214  16   3    
215  20   20   
216  4    26   
217  26   17   
218  17   6    
219  15   27   
220  10   27   
221  13   14   
222  18   13   
223  14   23   
224  3    14   
225  15   3    
226  15   2    
227  28   6    
228  16   22   
229  18   14   
230  16   5    
231  18   16   
232  8    3    
233  15   17   
234  10   22   
235  1    8    
236  28   12   
237  28   7    
238  24   26   
239  6    9    
240  7    25   
241  9    28   
242  24   12   
243  27   9    
244  25   13   
245  26   4    
246  28   19   
247  17   12   
248  8    17   
249  5    22   
250  27   14   
251  8    4    
252  26   14   
253  2    9    
254  7    24   
255  24   25   
256  4    21   
257  14   25   
258  3    4    
259  17   28   
260  13   17   
261  20   23   
262  4    15   
263  9    18   
264  13   11   
265  10   5    
266  7    2    
267  27   16   
268  22   3    
269  28   8    
270  21   19   
271  28   17   
272  26   22   
273  22   22   
274  22   16   
275  4    8    
276  13   1    
277  24   14   
278  23   11   
279  27   18   
280  19   21   
281  20   26   
282  1    18   
283  14   2    
284  14   13   
285  3    9    
286  23   18   
287  3    8    
288  19   8    
289  13   6    
290  9    11   
291  14   4    
292  14   11   
293  22   7    
294  4    7    
295  2    10   
296  12   5    
297  1    11   
298  17   17   
299  25   12   
300  11   10   
301  22   28   
302  24   20   
303  23   10   
304  1    13   
305  5    19   
306  13   10   
307  6    11   
308  26   10   
309  16   14   
310  24   8    
311  11   15   
312  11   7    
313  24   13   
314  24   23   
315  14   28   
316  25   22   
317  2    5    
318  2    7    
319  14   16   
320  5    1    
321  24   18   
322  4    17   
323  21   20   
324  23   25   
325  26   7    
326  17   11   
327  26   5    
328  18   3    
329  19   19   
330  6    22   
331  14   17   
332  21   2    
333  28   18   
334  16   9    
335  15   14   
336  1    12   
337  13   2    
338  18   19   
339  4    11   
340  21   12   
341  15   16   
342  5    18   
343  2    8    
344  18   27   
345  18   9    
346  21   25   
347  15   25   
348  20   16   
349  11   28   
350  23   14   
351  23   17   
352  16   6    
353  23   21   
354  26   25   
355  5    24   
356  26   19   
357  10   18   
358  4    10   
359  10   11   
360  10   17   
361  19   9    
362  4    12   
363  27   19   
364  8    16   
365  23   16   
366  9    9    
367  8    15   
368  25   15   
369  7    6    
370  24   16   
371  8    5    
372  18   6    
373  14   1    
374  10   1    
375  16   26   
376  15   1    
377  17   19   
378  3    24   
379  5    14   
380  15   6    
381  12   6    
382  25   19   
383  3    23   
384  22   21   
385  20   25   
386  18   23   
387  17   14   
388  3    16   
389  7    4    
390  7    10   
391  8    20   
392  9    15   
393  9    2    
394  18   25   
395  17   24   
396  23   6    
397  9    27   
398  18   11   
399  9    4    
400  25   14   
401  3    7    
402  21   28   
403  14   26   
404  8    2    
405  6    24   
406  10   13   
407  10   21   
408  6    15   
409  21   6    
410  3    5    
411  25   24   
412  16   13   
413  10   7    
414  19   7    
415  27   20   
416  26   6    
417  16   20   
418  23   8    
419  19   13   
420  4    24   
421  11   19   
422  17   10   
423  18   18   
424  4    9    
425  26   8    
426  23   15   
427  24   3    
428  16   2    
429  27   13   
430  9    17   
431  18   2    
432  19   11   
433  10   23   
434  14   27   
435  4    4    
436  22   25   
437  15   5    
438  6    23   
439  27   8    
440  4    16   
441  9    12   
442  5    21   
443  13   5    
444  7    8    
445  8    25   
446  12   12   
447  18   22   
448  23   9    
449  14   24   
450  8    13   
451  8    10   
452  4    3    
453  23   23   
454  1    10   
455  11   6    
456  13   24   
457  12   13   
458  14   10   
459  26   16   
460  9    14   
461  20   22   
462  8    27   
463  8    14   
464  1    17   
465  11   12   
466  14   21   
467  14   14   
468  7    21   
469  12   11   
470  12   10   
471  13   20   
472  18   4    
473  26   24   
474  24   21   
475  13   7    
476  21   18   
477  8    11   
478  21   5    
479  13   13   
480  4    13   
481  21   15   
482  17   8    
483  6    12   
484  5    25   
485  20   13   
486  25   7    
487  3    13   
488  26   11   
489  1    19   
490  9    25   
491  3    11   
492  25   21   
493  16   16   
494  21   1    
495  20   15   
496  17   4    
497  7    26   
498  2    18   
499  25   17   
500  20   27   
501  5    2    
502  8    22   
503  9    3    
504  20   21   
505  13   21   
506  28   11   
507  17   7    
508  19   1    
509  13   27   
510  24   15   
511  5    17   
512  12   20   
513  28   13   
514  27   15   
515  21   10   
516  19   18   
517  21   8    
518  7    9    
519  7    3    
520  7    1    
521  16   7    
522  22   6    
523  23   24   
524  19   5    
525  10   12   
526  23   22   
527  25   25   
528  18   10   
529  11   22   
530  22   14   
531  13   19   
532  26   18   
533  19   23   
534  4    20   
535  20   8    
536  11   27   
537  9    10   
538  13   9    
539  13   25   
540  23   19   
541  10   4    
542  7    12   
543  12   24   
544  12   17   
545  17   20   
546  16   24   
547  8    23   
548  12   19   
549  16   25   
550  6    21   
551  9    22   
552  16   18   
553  14   15   
554  11   18   
555  14   18   
556  28   15   
557  7    11   
558  25   4    
559  20   14   
560  16   28   
561  12   28   
562  2    14   
563  4    5    
564  24   9    
565  20   4    
566  21   24   
567  22   1    
568  2    17   
569  21   11   
570  16   0    
571  7    16   
572  17   15   
573  15   24   
574  22   17   
575  26   21   
576  27   11   
577  27   10   
578  3    22   
579  21   14   
580  19   22   
581  18   0    
582  6    7    
583  24   19   
584  24   27   
585  20   5    
586  12   25   
587  12   4    
588  2    4    
589  19   28   
590  22   9    
591  18   24   
592  21   21   
593  10   3    
594  2    12   
595  9    8    
596  10   28   
597  5    16   
598  8    7    
599  11   20   
600  23   7    
601  12   21   
602  2    21   
603  12   2    
604  15   23   
605  18   12   
606  4    23   
607  18   1    
608  7    19   
609  17   1    
610  16   23   
611  26   12   
612  13   26   
613  5    7    
614  9    21   
615  8    18   
616  20   19   
617  2    16   
618  5    13   
619  19   12   
620  6    19   
621  3    20   
622  22   11   
623  16   15   
624  19   27   
625  18   5    
626  1    16   
627  15   22   
628  11   21   
629  16   8    
630  23   4    
631  17   23   
632  15   26   
633  19   16   
634  24   17   
635  2    6    
636  15   7    
637  18   20   
638  2    13   
639  22   5    
640  12   9    
641  28   14   
642  1    20   
643  20   9    
644  28   10   
645  11   25   
646  22   27   
647  12   14   
648  16   4    
649  25   23   
650  15   12   
651  24   6    
652  23   13   
653  24   10   
654  3    19   
655  8    12   
656  20   6    
657  10   8    
658  5    8    
659  25   11   
660  17   2    
661  9    6    
662  3    17   
663  28   16   
664  27   21   
665  13   8    
666  7    17   
667  11   16   
668  18   28   
669  21   26   
670  23   12   
671  7    13   
672  3    18   
673  6    18   
674  16   17   
675  18   26   
676  21   4    
677  27   6    
678  9    1    
679  22   2    
680  3    12   
681  9    13   
682  15   8    
683  5    9    
684  10   24   
685  15   28   
686  17   9    
687  9    7    
688  18   7    
689  13   28   
690  12   22   
691  11   9    
692  5    6    
693  20   17   
694  26   13   
695  3    10   
696  10   20   
697  27   12   
698  8    28   
699  21   23   
700  17   25   
701  23   3    
702  10   9    
703  16   19   
704  15   4    
705  5    23   
706  21   17   
707  12   1    
708  20   3    
709  11   8    
710  19   26   
711  9    26   
712  26   20   
713  26   15   
714  13   3    
715  16   21   
716  21   27   
717  12   3    
718  15   15   
719  19   25   
720  16   12   
721  14   6    
722  14   3    
723  13   16   
724  14   7    
725  10   19   
726  19   3    
727  12   15   
728  2    15   
729  7    7    
730  3    21   
731  27   17   
732  21   9    
733  7    14   
734  5    4    
735  23   26   
736  1    7    
737  4    2    
738  25   18   
739  4    22   
740  1    14   
741  20   7    
742  17   16   
743  17   18   
744  17   5    
745  3    15   
746  11   26   
747  6    25   
748  23   2    
749  22   13   
750  11   14   
751  9    5    
752  19   17   
753  11   5    
754  21   13   
755  24   11   
756  24   5    
757  5    5    
758  5    15   
759  20   18   
760  27   7    
761  24   22   
762  22   15   
763  25   10   
764  4    18   
765  5    26   
766  12   18   
767  12   27   
768  20   12   
769  9    16   
770  17   26   
771  13   22   
772  4    14   
773  5    20   
774  14   5    
775  6    4    
776  22   4    
777  18   17   
778  10   16   
779  12   16   
780  10   10   
781  17   22   
782  12   26   
783  6    26   
784  12   23   
785  19   10   
786  14   22   
787  17   21   
788  5    11   
789  26   9    
790  25   5    
791  17   27   
792  25   6    
793  24   7    
794  11   17   
795  8    19   
796  22   12   
797  17   3    
798  20   28   
799  14   8    
800  23   5    
801  2    20   
802  25   3    
803  15   19   
804  10   6    
