0    19   7    
1    7    19   
2    19   16   
3    19   18   
4    19   1    
5    0    8    
6    19   14   
7    9    19   
8    19   2    
9    15   0    
10   0    11   
11   14   19   
12   2    0    
13   0    5    
14   12   0    
15   19   15   
16   8    0    
17   11   0    
18   16   0    
19   19   17   
20   19   10   
21   0    1    
22   0    7    
23   0    12   
24   13   0    
25   6    19   
26   3    0    
27   1    0    
28   18   0    
29   12   19   
30   8    19   
31   4    0    
32   0    15   
33   11   19   
34   0    6    
35   19   6    
36   3    19   
37   10   19   
38   19   13   
39   0    9    
40   18   19   
41   13   19   
42   4    19   
43   5    0    
44   0    17   
45   2    19   
46   10   0    
47   19   11   
48   0    10   
49   17   19   
50   17   0    
51   0    4    
52   7    0    
53   0    13   
54   19   3    
55   1    19   
56   9    0    
57   16   6    
58   12   11   
59   16   11   
60   12   5    
61   3    5    
62   15   2    
63   15   4    
64   8    14   
65   14   2    
66   7    7    
67   13   16   
68   7    4    
69   3    4    
70   5    9    
71   4    3    
72   9    2    
73   16   13   
74   13   12   
75   1    5    
76   10   10   
77   13   14   
78   2    12   
79   11   15   
80   15   15   
81   14   16   
82   1    6    
83   18   12   
84   4    7    
85   9    4    
86   15   10   
87   10   13   
88   4    6    
89   13   3    
90   11   14   
91   5    15   
92   10   7    
93   11   5    
94   11   3    
95   17   11   
96   3    8    
97   10   15   
98   5    13   
99   11   7    
100  5    11   
101  15   14   
102  2    7    
103  5    7    
104  3    13   
105  5    4    
106  1    7    
107  8    2    
108  6    6    
109  5    14   
110  5    17   
111  14   13   
112  8    17   
113  6    11   
114  12   13   
115  17   8    
116  6    10   
117  15   8    
118  13   6    
119  8    5    
120  2    4    
121  16   4    
122  5    3    
123  12   14   
124  11   1    
125  17   5    
126  7    13   
127  10   1    
128  14   4    
129  6    16   
130  11   12   
131  7    5    
132  12   16   
133  6    9    
134  18   9    
135  4    5    
136  17   6    
137  10   14   
138  6    5    
139  7    18   
140  18   11   
141  17   10   
142  8    12   
143  3    3    
144  8    15   
145  3    7    
146  16   7    
147  6    3    
148  14   10   
149  15   9    
150  13   2    
151  5    10   
152  7    14   
153  12   7    
154  3    10   
155  14   7    
156  9    6    
157  1    10   
158  10   18   
159  15   6    
160  9    18   
161  12   6    
162  4    8    
163  1    12   
164  3    9    
165  13   8    
166  6    14   
167  6    8    
168  15   13   
169  9    5    
170  3    6    
171  15   3    
172  7    16   
173  12   4    
174  8    18   
175  8    11   
176  7    9    
177  12   2    
178  13   13   
179  17   7    
180  3    12   
181  16   5    
182  10   11   
183  7    6    
184  12   10   
185  11   2    
186  4    13   
187  13   15   
188  8    7    
189  12   17   
190  11   11   
191  7    3    
192  18   13   
193  4    11   
194  3    11   
195  15   5    
196  9    15   
197  9    9    
198  16   14   
199  13   9    
200  4    14   
201  13   11   
202  14   9    
203  10   2    
204  5    2    
205  13   5    
206  7    12   
207  10   5    
208  9    14   
209  8    3    
210  2    10   
211  18   8    
212  14   14   
213  9    11   
214  6    18   
215  14   11   
216  11   6    
217  5    12   
218  4    12   
219  8    13   
220  11   9    
221  14   5    
222  5    16   
223  1    11   
224  5    8    
225  14   6    
226  17   14   
227  5    18   
228  9    8    
229  9    7    
230  11   13   
231  15   11   
232  2    9    
233  9    12   
234  3    14   
235  15   12   
236  7    10   
237  13   1    
238  9    13   
239  11   8    
240  16   8    
241  18   7    
242  12   9    
243  8    10   
244  18   10   
245  11   4    
246  11   10   
247  13   4    
248  16   9    
249  16   3    
250  2    8    
251  7    11   
252  17   4    
253  16   10   
254  17   13   
255  9    10   
256  2    5    
257  6    7    
258  6    12   
259  14   8    
260  8    6    
261  8    16   
262  8    4    
263  12   15   
264  11   17   
265  10   6    
266  7    8    
267  1    9    
268  12   12   
269  6    17   
270  18   5    
271  6    13   
272  4    4    
273  13   10   
274  3    15   
275  14   12   
276  4    16   
277  9    16   
278  10   17   
279  16   12   
280  12   3    
281  5    6    
282  7    17   
283  13   17   
284  10   4    
285  10   3    
286  17   9    
287  9    3    
288  7    15   
289  11   16   
290  13   7    
291  4    15   
292  2    6    
293  5    5    
294  7    2    
295  14   15   
296  8    8    
297  4    9    
298  2    13   
299  6    2    
300  14   3    
301  2    11   
302  15   7    
303  10   16   
304  6    4    
305  4    10   
306  6    15   
307  10   12   
308  10   8    
309  1    8    
310  10   9    
311  17   12   
312  9    17   
313  12   8    
314  18   6    
315  8    9    
