0    19   14   
1    18   19   
2    0    16   
3    8    19   
4    5    0    
5    17   0    
6    3    0    
7    19   15   
8    11   0    
9    0    10   
10   19   17   
11   13   0    
12   6    19   
13   2    19   
14   19   16   
15   1    19   
16   5    19   
17   6    0    
18   4    0    
19   13   19   
20   19   1    
21   0    4    
22   10   0    
23   0    5    
24   19   2    
25   0    1    
26   4    19   
27   12   19   
28   12   0    
29   8    0    
30   19   5    
31   19   8    
32   0    15   
33   0    12   
34   16   19   
35   0    6    
36   19   3    
37   14   0    
38   19   6    
39   0    17   
40   17   19   
41   0    7    
42   0    8    
43   19   12   
44   3    19   
45   19   9    
46   0    2    
47   15   0    
48   0    11   
49   19   18   
50   11   19   
51   0    9    
52   1    0    
53   0    14   
54   19   11   
55   0    3    
56   10   19   
57   7    19   
58   0    18   
59   19   13   
60   2    0    
61   14   19   
62   7    0    
63   9    19   
64   15   10   
65   5    3    
66   2    13   
67   4    5    
68   15   13   
69   10   18   
70   11   4    
71   10   16   
72   9    5    
73   3    4    
74   11   10   
75   13   7    
76   11   6    
77   9    15   
78   9    6    
79   3    3    
80   11   18   
81   16   14   
82   16   11   
83   10   15   
84   7    7    
85   7    1    
86   1    7    
87   13   12   
88   8    12   
89   9    12   
90   4    8    
91   5    9    
92   5    17   
93   16   12   
94   6    8    
95   6    11   
96   5    14   
97   8    17   
98   2    9    
99   8    8    
100  1    9    
101  2    8    
102  13   4    
103  12   9    
104  10   7    
105  15   4    
106  11   16   
107  3    12   
108  8    2    
109  7    18   
110  6    5    
111  14   15   
112  12   16   
113  2    11   
114  18   10   
115  6    4    
116  3    13   
117  6    10   
118  11   12   
119  8    15   
120  5    12   
121  3    8    
122  7    15   
123  6    17   
124  12   5    
125  14   6    
126  5    7    
127  10   11   
128  14   13   
129  4    7    
130  12   11   
131  13   3    
132  12   18   
133  2    6    
134  15   17   
135  11   7    
136  15   3    
137  12   17   
138  4    14   
139  6    16   
140  17   14   
141  9    0    
142  9    10   
143  3    2    
144  6    1    
145  17   10   
146  7    3    
147  5    15   
148  2    7    
149  17   3    
150  3    6    
151  17   11   
152  3    16   
153  18   8    
154  5    8    
155  8    1    
156  9    2    
157  16   5    
158  9    4    
159  1    11   
160  17   2    
161  18   9    
162  9    3    
163  4    11   
164  17   13   
165  12   3    
166  12   15   
167  9    18   
168  9    11   
169  13   10   
170  12   4    
171  4    3    
172  8    5    
173  11   3    
174  14   5    
175  17   9    
176  9    7    
177  2    3    
178  9    16   
179  11   15   
180  17   7    
181  14   3    
182  4    6    
183  7    13   
184  10   5    
185  4    10   
186  5    4    
187  3    11   
188  4    2    
189  15   11   
190  1    12   
191  10   10   
192  9    13   
193  15   8    
194  5    2    
195  7    9    
196  6    6    
197  13   14   
198  8    13   
199  8    3    
200  7    16   
201  16   1    
202  12   12   
203  7    12   
204  2    14   
205  2    2    
206  14   9    
207  1    10   
208  5    11   
209  10   1    
210  10   4    
211  8    9    
212  3    15   
213  4    16   
214  11   2    
215  12   8    
216  12   13   
217  4    15   
218  5    16   
219  4    13   
220  3    14   
221  11   8    
222  17   4    
223  7    8    
224  13   8    
225  3    10   
226  9    9    
227  14   14   
228  8    7    
229  2    16   
230  1    8    
231  7    11   
232  12   1    
233  16   6    
234  11   11   
235  10   12   
236  6    13   
237  15   2    
238  11   1    
239  6    7    
240  15   7    
241  12   7    
242  13   5    
243  15   14   
244  15   6    
245  8    18   
246  18   4    
247  18   13   
248  6    15   
249  15   5    
250  16   9    
251  18   6    
252  7    6    
253  12   14   
254  11   9    
255  14   11   
256  16   3    
257  13   15   
258  17   6    
259  10   14   
260  8    14   
261  16   13   
262  6    3    
263  16   7    
264  11   14   
265  6    14   
266  4    17   
267  14   4    
268  5    1    
269  17   16   
270  10   8    
271  18   11   
272  14   18   
273  8    10   
274  16   8    
275  18   7    
276  17   5    
277  11   5    
278  13   2    
279  13   18   
280  13   13   
281  10   2    
282  12   10   
283  14   8    
284  8    16   
285  14   2    
286  13   11   
287  1    13   
288  15   12   
289  17   8    
290  18   5    
291  11   13   
292  15   15   
293  12   2    
294  5    6    
295  16   16   
296  6    18   
297  8    6    
298  5    13   
299  9    14   
300  18   12   
301  11   17   
302  17   12   
303  14   7    
304  10   9    
305  6    9    
306  9    17   
307  2    10   
308  10   17   
309  14   1    
310  17   15   
311  19   7    
312  14   16   
313  8    4    
314  3    7    
315  15   9    
316  14   12   
317  14   10   
318  7    17   
319  7    2    
320  16   15   
321  3    9    
322  4    9    
323  12   6    
324  15   16   
325  9    8    
326  7    4    
327  13   16   
328  4    12   
329  16   4    
330  1    6    
331  13   1    
332  3    5    
333  7    14   
334  16   2    
335  9    1    
336  6    12   
337  14   17   
338  5    10   
339  6    2    
340  13   9    
341  16   10   
342  5    5    
343  10   13   
344  13   17   
345  10   6    
346  19   10   
347  8    11   
348  13   6    
349  7    5    
350  4    4    
351  15   1    
352  7    10   
353  10   3    
354  2    12   
