0    4    0    
1    8    0    
2    9    6    
3    0    5    
4    0    4    
5    6    0    
6    1    0    
7    3    9    
8    7    9    
9    9    3    
10   0    2    
11   0    6    
12   9    4    
13   0    8    
14   3    0    
15   0    7    
16   5    0    
17   9    2    
18   7    0    
19   0    3    
20   4    9    
21   9    7    
22   2    9    
23   5    9    
24   8    9    
25   4    7    
26   8    5    
27   6    3    
28   6    8    
29   8    6    
30   6    6    
31   2    7    
32   3    8    
33   2    3    
34   2    5    
35   2    8    
36   5    5    
37   3    3    
38   7    5    
39   2    6    
40   5    7    
41   6    4    
42   3    2    
43   4    6    
44   5    6    
45   4    1    
46   4    3    
47   5    3    
48   7    4    
49   2    2    
50   1    6    
51   8    7    
52   3    6    
53   6    7    
54   7    6    
55   8    4    
56   1    5    
57   2    4    
58   5    1    
59   3    7    
60   4    4    
61   6    2    
62   6    5    
63   8    3    
64   7    3    
65   4    2    
66   4    5    
67   5    2    
68   1    4    
69   9    5    
70   5    4    
71   4    8    
72   3    4    
73   7    7    
74   5    8    
75   3    5    
