0    28   0    
1    30   39   
2    17   39   
3    36   39   
4    34   39   
5    15   0    
6    9    39   
7    39   24   
8    39   10   
9    30   0    
10   0    33   
11   0    36   
12   22   0    
13   39   20   
14   0    24   
15   0    34   
16   39   30   
17   23   39   
18   33   0    
19   8    39   
20   13   39   
21   0    26   
22   39   1    
23   7    0    
24   39   13   
25   21   0    
26   0    13   
27   21   39   
28   4    0    
29   20   0    
30   39   34   
31   10   39   
32   23   0    
33   0    22   
34   0    19   
35   0    20   
36   39   29   
37   39   22   
38   0    27   
39   0    1    
40   0    11   
41   18   0    
42   39   2    
43   39   15   
44   39   6    
45   35   0    
46   7    39   
47   16   39   
48   22   39   
49   10   0    
50   0    21   
51   11   39   
52   6    39   
53   6    0    
54   5    0    
55   0    7    
56   17   0    
57   37   39   
58   2    39   
59   3    0    
60   31   39   
61   15   39   
62   13   0    
63   24   0    
64   39   31   
65   0    14   
66   0    8    
67   12   39   
68   0    38   
69   39   5    
70   37   0    
71   38   39   
72   39   8    
73   0    12   
74   39   38   
75   0    29   
76   16   0    
77   39   21   
78   0    37   
79   1    39   
80   14   0    
81   25   39   
82   28   39   
83   39   12   
84   39   36   
85   39   4    
86   20   39   
87   32   39   
88   39   18   
89   31   0    
90   29   0    
91   39   25   
92   39   23   
93   9    0    
94   0    31   
95   4    39   
96   0    18   
97   32   0    
98   5    39   
99   26   39   
100  39   33   
101  1    0    
102  0    5    
103  0    10   
104  0    25   
105  0    30   
106  39   14   
107  14   39   
108  39   37   
109  0    17   
110  12   0    
111  2    0    
112  39   27   
113  39   32   
114  8    0    
115  34   0    
116  39   35   
117  0    35   
118  19   39   
119  24   39   
120  33   39   
121  7    13   
122  19   12   
123  28   3    
124  4    10   
125  14   15   
126  29   6    
127  12   4    
128  19   5    
129  18   29   
130  26   21   
131  34   31   
132  33   27   
133  6    18   
134  7    22   
135  35   21   
136  21   15   
137  21   13   
138  32   35   
139  30   34   
140  14   1    
141  38   26   
142  15   15   
143  33   26   
144  9    30   
145  12   19   
146  16   20   
147  11   16   
148  34   15   
149  27   31   
150  25   16   
151  16   37   
152  6    26   
153  20   16   
154  29   32   
155  10   20   
156  23   28   
157  8    31   
158  35   22   
159  32   18   
160  30   19   
161  32   30   
162  28   9    
163  24   26   
164  13   33   
165  12   12   
166  3    16   
167  25   12   
168  30   5    
169  32   17   
170  34   29   
171  32   7    
172  14   5    
173  10   6    
174  27   21   
175  29   15   
176  8    12   
177  28   4    
178  16   8    
179  17   29   
180  11   30   
181  23   30   
182  31   8    
183  23   32   
184  17   25   
185  21   1    
186  14   34   
187  5    27   
188  15   24   
189  17   7    
190  30   12   
191  28   15   
192  8    21   
193  17   27   
194  15   9    
195  20   26   
196  13   27   
197  20   25   
198  7    28   
199  18   8    
200  6    27   
201  14   2    
202  27   29   
203  9    20   
204  23   33   
205  21   25   
206  17   23   
207  14   11   
208  10   28   
209  30   20   
210  23   25   
211  26   17   
212  4    20   
213  18   37   
214  13   18   
215  23   4    
216  3    29   
217  23   31   
218  32   14   
219  25   27   
220  17   19   
221  24   35   
222  5    11   
223  25   17   
224  36   8    
225  19   26   
226  9    14   
227  29   30   
228  36   25   
229  23   16   
230  24   8    
231  22   4    
232  21   12   
233  36   28   
234  24   30   
235  4    23   
236  28   12   
237  11   8    
238  21   21   
239  24   27   
240  6    17   
241  20   4    
242  9    13   
243  34   18   
244  26   23   
245  26   8    
246  6    15   
247  11   2    
248  30   4    
249  27   13   
250  9    16   
251  28   19   
252  17   13   
253  7    14   
254  25   3    
255  13   19   
256  2    17   
257  18   12   
258  26   12   
259  26   11   
260  10   25   
261  4    27   
262  20   7    
263  34   14   
264  2    18   
265  37   15   
266  17   31   
267  29   12   
268  11   14   
269  27   6    
270  9    7    
271  17   2    
272  3    13   
273  37   22   
274  14   16   
275  24   16   
276  31   17   
277  16   27   
278  33   13   
279  25   14   
280  13   3    
281  2    13   
282  33   12   
283  33   21   
284  37   18   
285  5    22   
286  8    23   
287  38   23   
288  24   4    
289  22   27   
290  21   31   
291  30   21   
292  15   20   
293  24   7    
294  6    21   
295  34   24   
296  35   25   
297  13   4    
298  32   19   
299  20   29   
300  21   22   
301  6    22   
302  28   20   
303  23   19   
304  9    19   
305  37   25   
306  31   31   
307  7    8    
308  5    29   
309  9    5    
310  16   34   
311  15   3    
312  17   10   
313  5    18   
314  33   23   
315  25   33   
316  35   13   
317  6    11   
318  24   12   
319  11   5    
320  15   31   
321  3    11   
322  16   26   
323  29   4    
324  23   22   
325  13   28   
326  27   15   
327  29   9    
328  20   23   
329  3    22   
330  11   35   
331  25   5    
332  13   37   
333  21   14   
334  32   5    
335  6    14   
336  2    15   
337  19   18   
338  6    29   
339  23   37   
340  27   14   
341  27   12   
342  5    28   
343  36   20   
344  16   25   
345  19   15   
346  32   12   
347  16   24   
348  6    6    
349  9    25   
350  4    14   
351  10   30   
352  31   10   
353  31   26   
354  21   7    
355  14   10   
356  24   20   
357  27   10   
358  12   26   
359  36   13   
360  8    32   
361  31   24   
362  6    16   
363  26   32   
364  16   23   
365  20   11   
366  14   27   
367  15   4    
368  10   26   
369  10   15   
370  37   20   
371  35   20   
372  3    28   
373  23   2    
374  13   30   
375  19   20   
376  18   31   
377  20   32   
378  27   17   
379  19   23   
380  31   23   
381  18   10   
382  5    21   
383  13   5    
384  15   19   
385  19   25   
386  23   23   
387  28   10   
388  17   18   
389  14   29   
390  10   33   
391  31   18   
392  7    10   
393  13   7    
394  12   20   
395  21   28   
396  29   13   
397  16   15   
398  13   9    
399  30   23   
400  15   25   
401  37   13   
402  37   16   
403  15   22   
404  16   10   
405  28   36   
406  26   29   
407  25   21   
408  17   4    
409  34   22   
410  20   10   
411  36   15   
412  9    18   
413  31   34   
414  31   19   
415  20   17   
416  35   19   
417  33   5    
418  20   24   
419  9    29   
420  24   29   
421  15   32   
422  9    21   
423  26   0    
424  17   15   
425  31   11   
426  11   23   
427  27   30   
428  36   19   
429  25   25   
430  12   3    
431  16   2    
432  20   12   
433  27   22   
434  35   26   
435  26   28   
436  35   10   
437  12   7    
438  25   6    
439  14   24   
440  19   22   
441  12   21   
442  10   10   
443  11   24   
444  3    19   
445  2    25   
446  20   6    
447  11   17   
448  33   19   
449  11   37   
450  7    16   
451  22   9    
452  13   15   
453  29   16   
454  15   6    
455  12   28   
456  21   24   
457  16   14   
458  33   31   
459  19   21   
460  5    24   
461  7    18   
462  15   16   
463  12   15   
464  3    9    
465  4    30   
466  22   20   
467  35   24   
468  26   25   
469  9    23   
470  18   18   
471  10   11   
472  3    27   
473  12   34   
474  25   29   
475  26   9    
476  29   11   
477  13   17   
478  28   32   
479  9    27   
480  32   33   
481  10   27   
482  13   32   
483  12   14   
484  12   27   
485  17   28   
486  28   5    
487  26   14   
488  18   11   
489  35   23   
490  18   35   
491  32   9    
492  15   36   
493  17   17   
494  10   22   
495  25   20   
496  6    33   
497  5    31   
498  30   14   
499  5    10   
500  14   18   
501  29   36   
502  20   14   
503  28   22   
504  8    35   
505  31   7    
506  2    21   
507  15   29   
508  28   23   
509  16   16   
510  8    34   
511  3    12   
512  9    17   
513  15   2    
514  28   14   
515  22   22   
516  38   22   
517  21   2    
518  17   8    
519  27   19   
520  26   37   
521  18   27   
522  30   27   
523  8    9    
524  22   31   
525  18   19   
526  22   15   
527  18   5    
528  29   5    
529  32   11   
530  32   25   
531  16   22   
532  12   35   
533  20   8    
534  26   18   
535  18   24   
536  33   7    
537  28   7    
538  25   30   
539  32   27   
540  24   17   
541  16   3    
542  28   6    
543  16   1    
544  8    6    
545  6    8    
546  36   21   
547  29   28   
548  18   23   
549  26   33   
550  30   32   
551  19   16   
552  38   18   
553  25   19   
554  8    27   
555  32   23   
556  19   2    
557  31   12   
558  21   9    
559  12   11   
560  23   35   
561  23   36   
562  11   31   
563  19   6    
564  13   25   
565  32   15   
566  8    28   
567  21   8    
568  29   25   
569  22   23   
570  34   9    
571  4    24   
572  18   20   
573  18   6    
574  25   35   
575  15   27   
576  11   21   
577  19   28   
578  3    21   
579  7    21   
580  23   8    
581  34   26   
582  13   2    
583  22   26   
584  21   29   
585  37   17   
586  26   10   
587  20   21   
588  23   34   
589  29   17   
590  14   36   
591  14   6    
592  19   34   
593  5    15   
594  14   9    
595  7    9    
596  34   20   
597  20   35   
598  20   20   
599  21   38   
600  28   11   
601  22   37   
602  34   13   
603  24   13   
604  11   26   
605  5    8    
606  18   36   
607  17   5    
608  25   7    
609  22   32   
610  17   30   
611  7    31   
612  19   38   
613  12   29   
614  25   13   
615  34   25   
616  8    18   
617  9    34   
618  20   30   
619  20   36   
620  17   20   
621  8    25   
622  24   24   
623  19   29   
624  29   21   
625  13   8    
626  28   27   
627  9    28   
628  35   16   
629  14   30   
630  24   14   
631  30   9    
632  10   5    
633  4    16   
634  36   11   
635  21   11   
636  17   36   
637  23   15   
638  5    30   
639  20   27   
640  19   8    
641  18   7    
642  14   35   
643  13   24   
644  10   24   
645  4    6    
646  30   13   
647  10   4    
648  14   4    
649  29   20   
650  37   8    
651  4    13   
652  7    33   
653  12   24   
654  30   11   
655  35   32   
656  8    15   
657  2    26   
658  20   13   
659  32   29   
660  14   7    
661  8    20   
662  13   36   
663  36   27   
664  29   8    
665  16   32   
666  33   10   
667  22   3    
668  10   9    
669  18   4    
670  24   22   
671  7    6    
672  24   34   
673  8    7    
674  11   19   
675  2    24   
676  30   28   
677  10   14   
678  26   16   
679  9    31   
680  32   16   
681  27   11   
682  27   5    
683  18   30   
684  23   7    
685  18   17   
686  21   36   
687  30   22   
688  15   28   
689  3    25   
690  6    30   
691  19   30   
692  10   16   
693  35   14   
694  28   13   
695  10   31   
696  3    20   
697  4    15   
698  8    11   
699  14   13   
700  31   33   
701  14   31   
702  22   6    
703  25   23   
704  9    24   
705  9    12   
706  32   22   
707  16   36   
708  13   13   
709  25   8    
710  29   34   
711  12   18   
712  29   19   
713  13   26   
714  13   23   
715  20   15   
716  19   13   
717  23   14   
718  31   27   
719  20   37   
720  12   33   
721  36   9    
722  18   2    
723  30   30   
724  12   36   
725  13   6    
726  12   6    
727  15   21   
728  33   14   
729  21   23   
730  21   32   
731  7    20   
732  16   4    
733  9    26   
734  27   7    
735  7    29   
736  7    24   
737  13   35   
738  17   3    
739  38   20   
740  15   10   
741  10   8    
742  4    19   
743  33   18   
744  30   35   
745  29   24   
746  12   13   
747  34   28   
748  18   14   
749  15   33   
750  17   22   
751  28   25   
752  17   38   
753  22   24   
754  7    4    
755  34   17   
756  14   23   
757  4    28   
758  19   33   
759  18   9    
760  12   9    
761  16   35   
762  3    26   
763  33   32   
764  24   21   
765  24   19   
766  27   18   
767  3    18   
768  35   11   
769  22   34   
770  29   29   
771  12   17   
772  35   7    
773  24   5    
774  32   13   
775  9    32   
776  17   12   
777  13   16   
778  4    21   
779  12   23   
780  13   14   
781  4    22   
782  22   7    
783  38   14   
784  37   21   
785  13   34   
786  21   20   
787  33   16   
788  7    5    
789  30   8    
790  22   1    
791  20   22   
792  19   1    
793  8    24   
794  1    19   
795  32   6    
796  23   17   
797  15   18   
798  30   16   
799  17   14   
800  22   21   
801  27   34   
802  21   10   
803  34   6    
804  22   17   
805  28   34   
806  29   27   
807  20   34   
808  12   5    
809  36   17   
810  33   24   
811  27   2    
812  25   15   
813  21   6    
814  5    19   
815  21   30   
816  24   37   
817  8    30   
818  35   27   
819  22   14   
820  20   3    
821  14   28   
822  35   28   
823  24   3    
824  8    10   
825  15   30   
826  10   32   
827  5    12   
828  21   18   
829  27   27   
830  18   22   
831  29   26   
832  23   9    
833  36   18   
834  23   26   
835  34   19   
836  27   20   
837  1    24   
838  24   18   
839  14   12   
840  31   14   
841  26   3    
842  17   26   
843  22   12   
844  4    7    
845  11   34   
846  25   36   
847  26   36   
848  30   31   
849  16   31   
850  24   10   
851  23   20   
852  5    25   
853  33   33   
854  9    22   
855  22   35   
856  7    17   
857  8    17   
858  27   24   
859  25   24   
860  9    15   
861  5    32   
862  34   8    
863  19   10   
864  27   25   
865  15   17   
866  29   23   
867  17   32   
868  19   7    
869  36   26   
870  14   33   
871  31   29   
872  27   36   
873  24   31   
874  22   18   
875  12   32   
876  19   36   
877  6    23   
878  24   2    
879  19   37   
880  4    9    
881  24   11   
882  4    26   
883  36   14   
884  26   20   
885  16   5    
886  26   19   
887  30   33   
888  10   29   
889  33   17   
890  38   24   
891  33   8    
892  17   11   
893  16   9    
894  15   35   
895  20   33   
896  24   36   
897  6    24   
898  18   33   
899  28   29   
900  18   34   
901  3    23   
902  18   26   
903  32   31   
904  29   33   
905  14   37   
906  29   3    
907  29   18   
908  6    25   
909  13   12   
910  32   34   
911  33   15   
912  12   25   
913  26   22   
914  21   3    
915  37   14   
916  17   33   
917  33   11   
918  27   28   
919  28   24   
920  22   38   
921  24   38   
922  26   31   
923  21   19   
924  12   22   
925  7    27   
926  23   38   
927  26   7    
928  37   24   
929  18   15   
930  30   26   
931  9    35   
932  30   25   
933  2    22   
934  6    32   
935  22   25   
936  9    8    
937  30   7    
938  5    14   
939  23   11   
940  22   36   
941  26   15   
942  20   2    
943  26   30   
944  13   31   
945  27   26   
946  8    22   
947  20   31   
948  18   28   
949  15   11   
950  10   21   
951  11   7    
952  11   32   
953  19   9    
954  5    20   
955  19   35   
956  25   4    
957  23   10   
958  32   32   
959  20   28   
960  25   10   
961  21   33   
962  11   3    
963  23   29   
964  36   29   
965  25   31   
966  31   28   
967  13   10   
968  7    12   
969  34   16   
970  19   17   
971  28   35   
972  20   9    
973  18   21   
974  33   22   
975  19   32   
976  31   16   
977  6    20   
978  28   8    
979  8    16   
980  35   17   
981  21   16   
982  29   7    
983  21   5    
984  23   12   
985  16   30   
986  8    33   
987  27   9    
988  21   35   
989  19   14   
990  27   33   
991  20   19   
992  9    33   
993  31   5    
994  14   38   
995  4    17   
996  31   25   
997  26   26   
998  24   25   
999  21   26   
1000 11   27   
1001 17   9    
1002 14   14   
1003 24   32   
1004 7    19   
1005 16   7    
1006 11   22   
1007 20   38   
1008 9    10   
1009 25   26   
1010 22   5    
1011 35   29   
1012 14   19   
1013 14   21   
1014 10   23   
1015 31   21   
1016 25   2    
1017 34   27   
1018 15   34   
1019 16   28   
1020 29   22   
1021 33   20   
1022 23   5    
1023 7    11   
1024 28   16   
1025 23   3    
1026 18   25   
1027 10   18   
1028 12   16   
1029 16   18   
1030 37   26   
1031 9    11   
1032 11   15   
1033 32   24   
1034 7    7    
1035 23   18   
1036 11   28   
1037 35   18   
1038 34   11   
1039 19   11   
1040 2    20   
1041 25   38   
1042 25   11   
1043 30   15   
1044 14   20   
1045 25   32   
1046 8    13   
1047 6    28   
1048 22   11   
1049 33   9    
1050 16   17   
1051 6    19   
1052 30   24   
1053 22   28   
1054 13   1    
1055 30   17   
1056 14   32   
1057 7    26   
1058 26   34   
1059 22   19   
1060 28   28   
1061 18   32   
1062 32   8    
1063 16   29   
1064 14   26   
1065 21   34   
1066 23   21   
1067 5    16   
1068 20   18   
1069 16   19   
1070 15   5    
1071 8    5    
1072 15   37   
1073 10   3    
1074 8    8    
1075 11   20   
1076 20   5    
1077 24   9    
1078 30   29   
1079 34   32   
1080 23   6    
1081 31   4    
1082 11   12   
1083 17   6    
1084 19   4    
1085 10   19   
1086 31   9    
1087 10   7    
1088 24   28   
1089 27   35   
1090 39   19   
1091 31   20   
1092 11   4    
1093 36   12   
1094 31   30   
1095 18   1    
1096 11   13   
1097 3    24   
1098 15   8    
1099 31   15   
1100 11   11   
1101 4    25   
1102 16   21   
1103 19   27   
1104 23   13   
1105 34   7    
1106 26   27   
1107 11   33   
1108 30   10   
1109 26   4    
1110 35   12   
1111 19   3    
1112 8    29   
1113 7    32   
1114 23   27   
1115 32   20   
1116 34   10   
1117 32   28   
1118 6    7    
1119 28   21   
1120 29   10   
1121 14   3    
1122 25   28   
1123 28   33   
1124 14   25   
1125 6    9    
1126 15   14   
1127 18   13   
1128 10   36   
1129 35   15   
1130 33   29   
1131 36   22   
1132 34   23   
1133 19   19   
1134 30   18   
1135 36   23   
1136 16   13   
1137 14   8    
1138 2    23   
1139 33   25   
1140 11   25   
1141 21   37   
1142 10   17   
1143 16   11   
1144 1    17   
1145 3    15   
1146 12   8    
1147 10   34   
1148 7    15   
1149 37   28   
1150 34   21   
1151 22   33   
1152 11   29   
1153 11   18   
1154 10   12   
1155 25   9    
1156 28   30   
1157 26   6    
1158 23   1    
1159 26   13   
1160 11   6    
1161 5    23   
1162 27   16   
1163 22   30   
1164 24   15   
1165 28   18   
1166 22   2    
1167 31   32   
1168 36   10   
1169 32   21   
1170 34   30   
1171 25   18   
1172 6    5    
1173 7    25   
1174 17   1    
1175 5    6    
1176 22   8    
1177 3    17   
1178 15   26   
1179 28   17   
1180 33   30   
1181 8    19   
1182 26   35   
1183 29   35   
1184 5    26   
1185 28   31   
1186 36   16   
1187 25   22   
1188 26   5    
1189 11   9    
1190 31   13   
1191 38   25   
1192 27   23   
1193 12   31   
1194 29   31   
1195 4    11   
1196 5    7    
1197 33   28   
1198 9    9    
1199 21   17   
1200 13   21   
1201 12   2    
1202 5    17   
1203 24   6    
1204 6    12   
1205 32   26   
1206 37   23   
1207 7    30   
1208 21   27   
1209 22   10   
1210 17   21   
1211 31   22   
1212 13   22   
1213 37   12   
1214 24   33   
1215 2    16   
1216 26   24   
1217 10   13   
1218 10   35   
1219 14   22   
1220 13   11   
1221 34   12   
1222 30   36   
1223 6    13   
1224 30   6    
1225 7    23   
1226 35   30   
1227 5    13   
1228 15   12   
1229 11   10   
1230 27   8    
1231 13   20   
1232 15   7    
1233 17   16   
1234 32   10   
1235 22   13   
1236 8    26   
1237 25   0    
1238 31   6    
1239 16   33   
1240 20   1    
1241 17   37   
1242 4    18   
1243 19   31   
1244 15   13   
1245 22   16   
1246 27   4    
1247 17   35   
1248 28   26   
1249 19   24   
1250 27   3    
1251 29   14   
1252 24   23   
1253 23   24   
1254 36   24   
1255 16   12   
1256 17   34   
1257 21   4    
1258 12   30   
1259 25   37   
1260 22   29   
1261 9    6    
1262 17   24   
1263 4    12   
1264 36   31   
1265 16   6    
1266 14   17   
1267 37   19   
1268 12   10   
1269 6    10   
1270 13   29   
1271 25   34   
1272 27   32   
1273 8    14   
1274 18   16   
1275 15   23   
