40
21 18 3 26 37 4 4 0 4 
7 18 2 6 0 2 
3 12 1 30 29 3 31 36 2 3 11 2 33 10 3 32 19 2 10 34 3 25 31 4 
10 14 2 17 32 3 30 0 4 
9 38 3 12 1 4 
9 3 2 5 25 2 38 34 4 
6 0 1 27 22 3 
37 7 4 30 1 2 33 1 4 
6 1 2 2 12 1 6 19 1 7 5 4 33 39 4 
1 16 4 23 4 3 15 16 1 1 13 2 26 19 4 
16 7 1 20 39 4 12 24 3 
8 28 3 17 7 3 
27 9 2 34 30 4 6 32 2 10 9 3 2 36 4 
30 4 4 27 15 2 30 34 2 1 21 4 
25 38 2 33 10 2 23 28 4 5 39 3 
33 24 1 36 29 2 
15 11 1 26 3 2 23 33 2 
10 39 4 15 30 1 
3 22 3 5 2 4 29 12 3 
10 26 2 18 34 2 25 35 4 11 6 1 
38 16 3 11 29 3 23 27 3 0 35 2 1 38 3 31 0 3 8 29 4 
19 38 3 17 29 1 
29 4 2 2 39 1 25 13 2 2 30 1 17 9 1 
14 18 4 36 34 1 
21 5 2 25 15 4 38 19 3 
25 4 4 28 6 4 10 29 4 17 0 4 37 4 1 
13 3 1 24 35 4 20 19 4 
39 33 3 14 26 1 11 35 4 
28 26 4 3 2 1 6 10 3 25 21 3 
36 19 1 38 19 1 38 4 3 
24 10 4 29 3 3 
10 10 3 35 12 1 
11 23 4 37 9 1 
35 18 1 31 35 4 38 16 1 0 30 3 37 16 3 
14 37 3 5 24 3 
4 35 1 6 28 2 37 27 1 
24 18 3 29 2 3 5 2 2 7 37 4 13 3 2 39 1 1 0 16 2 
1 3 3 37 38 1 8 4 2 
5 4 1 33 14 4 
9 25 2 28 26 1 
13 34 1 0 28 1 13 24 3 3 33 3 34 31 3 31 29 4 
15 35 4 32 3 2 
35 21 4 22 17 3 
7 26 4 24 8 2 3 12 3 29 30 4 36 39 1 8 27 1 13 26 4 3 38 2 25 19 3 5 10 4 16 16 1 
20 31 2 14 28 2 
36 1 4 21 6 3 
30 35 4 19 39 3 29 24 2 32 35 4 35 24 4 39 5 4 34 24 4 18 5 1 24 2 4 
39 12 1 34 7 3 10 23 3 29 26 3 35 26 4 19 15 4 39 13 3 39 14 4 
21 30 4 2 2 1 16 31 1 23 31 1 
34 25 4 12 5 1 35 32 2 
1 23 4 0 19 1 
15 32 3 37 6 3 10 11 2 14 30 4 10 27 4 37 37 1 
5 27 3 32 29 2 
22 36 2 19 30 1 22 7 1 32 37 4 
28 28 3 13 2 2 39 8 3 
14 24 3 17 22 4 14 9 4 
25 3 4 39 37 1 4 38 3 33 34 1 31 10 4 
9 23 1 39 35 2 10 21 3 7 20 1 5 38 2 
10 32 3 28 6 2 
8 38 4 2 26 4 
33 36 1 0 0 2 21 36 1 
27 13 2 22 32 2 
32 5 3 0 27 1 3 36 2 31 10 2 15 39 2 
8 19 2 0 13 2 
10 12 3 6 20 3 
13 3 3 4 8 2 33 37 3 28 20 2 23 5 1 25 34 1 38 21 2 
21 11 3 38 27 4 10 39 1 
27 16 3 7 6 2 0 25 4 
19 31 1 11 3 4 
27 21 2 22 37 3 5 33 4 0 5 4 17 8 1 37 5 2 
6 27 4 25 30 2 15 30 4 
36 30 1 21 7 4 11 36 4 26 22 3 6 23 3 
4 28 2 38 13 1 32 1 3 
14 18 3 34 0 1 6 16 1 14 21 3 13 16 4 
36 4 2 12 18 2 39 13 2 
15 25 1 23 38 2 30 15 3 15 0 2 15 26 4 
36 2 3 17 39 3 
33 12 1 6 0 4 30 16 4 
15 13 3 13 8 2 38 39 4 
27 17 1 0 30 4 31 9 3 18 21 3 34 35 2 27 11 4 
8 38 1 31 20 2 
11 32 2 39 5 3 6 29 1 
38 18 3 20 30 1 
1 38 2 16 38 4 19 8 4 
1 30 4 26 38 2 38 1 2 11 29 2 9 29 3 1 7 3 
1 9 1 1 33 4 7 33 1 1 12 3 19 37 3 
20 36 4 2 0 1 
19 23 4 11 30 2 
14 39 3 20 15 4 34 5 2 14 34 1 
8 9 3 20 4 1 
26 4 3 20 9 2 
21 21 3 21 22 2 33 19 2 6 38 3 2 13 3 
21 22 3 7 36 3 
30 3 4 9 12 4 1 4 1 34 19 1 36 38 3 
23 5 4 15 17 4 
32 30 1 10 33 1 38 3 4 21 25 3 25 27 1 
31 18 4 37 38 4 
20 31 4 16 24 2 
10 29 1 7 23 2 
10 31 3 22 19 4 16 25 4 38 6 4 
11 5 4 38 30 4 
17 24 1 39 31 3 34 1 2 27 24 2 
17 13 2 36 27 2 24 33 1 39 23 2 3 37 2 8 18 4 18 11 4 16 13 4 16 26 1 
29 15 2 7 38 2 18 36 2 27 15 4 
39 9 2 12 28 3 38 14 1 2 36 1 16 14 2 
26 25 2 0 3 2 
3 6 2 39 37 3 
30 11 3 6 27 1 
24 6 2 23 5 2 7 15 3 12 39 2 0 39 3 
32 20 4 29 39 4 5 36 4 8 34 1 6 9 4 18 10 2 0 0 4 8 5 2 37 17 2 
23 3 2 19 7 1 
4 6 3 14 10 2 
0 15 3 26 36 3 
6 6 3 37 3 3 
35 2 2 27 10 3 24 8 4 
36 0 4 11 32 3 25 26 1 0 32 4 11 2 3 
10 36 4 22 33 4 28 31 3 33 6 1 14 37 1 18 22 1 4 25 1 38 3 2 16 24 1 
13 28 4 27 28 2 
5 34 3 17 1 2 
36 16 1 4 4 1 
6 18 4 12 34 3 
17 39 1 38 7 3 
25 3 2 23 4 1 30 28 3 14 6 2 3 16 3 
7 33 4 11 37 4 
31 2 4 9 7 3 31 13 2 4 13 1 5 12 1 31 3 2 37 31 2 
35 32 3 18 2 3 1 21 2 15 28 4 24 38 3 
9 14 3 13 14 1 19 37 2 39 38 3 
39 16 4 20 13 3 38 8 3 
10 4 1 10 0 1 12 10 1 13 25 3 2 16 2 38 26 4 22 34 3 34 31 1 11 25 2 1 38 4 
37 37 2 36 6 2 
25 31 3 7 3 3 
31 11 2 16 4 3 10 1 2 
19 24 4 3 4 3 
21 13 4 22 22 4 
3 8 1 9 4 4 35 12 2 25 11 3 38 18 1 2 4 4 6 8 2 8 6 1 
5 37 2 4 37 2 37 0 3 5 11 2 16 34 2 
9 35 3 8 23 1 
14 8 4 21 32 3 37 32 4 
6 37 1 10 36 1 
9 20 3 17 30 2 16 16 2 35 4 3 34 2 2 17 6 2 38 0 4 21 30 1 17 39 4 25 36 3 36 3 2 29 16 4 
28 6 1 7 26 3 
7 38 4 35 6 2 39 0 1 
33 32 1 1 24 4 
13 23 4 20 22 4 15 0 4 14 23 3 0 37 3 
15 34 2 15 9 2 27 31 4 3 7 2 38 3 1 
35 33 1 28 5 1 
16 19 3 17 34 2 
36 22 4 20 23 4 10 0 2 14 7 4 11 25 3 17 6 3 35 28 2 38 27 1 6 3 4 36 25 1 
7 11 4 23 16 4 
13 38 1 15 21 2 34 1 4 0 6 4 4 33 2 
21 6 4 5 9 2 
4 12 1 15 37 3 4 14 3 0 38 1 31 6 1 
13 28 2 0 17 3 
13 10 3 5 3 3 
35 35 3 30 35 3 14 1 1 30 2 3 3 10 1 
17 37 2 1 2 1 
35 22 3 35 0 4 
20 30 2 34 0 2 9 14 2 20 32 4 27 0 4 19 23 2 
19 20 4 38 23 3 
10 29 2 22 15 4 
23 23 1 2 33 2 0 0 1 2 0 2 
39 4 1 21 39 2 28 31 1 13 15 1 38 4 4 
14 5 2 27 7 2 21 37 2 
20 1 2 21 14 3 14 19 2 38 39 2 26 36 1 23 0 4 
16 26 3 26 28 1 20 29 4 32 16 1 
25 39 1 20 5 2 10 5 4 7 16 3 3 31 3 15 19 3 
27 19 3 28 19 1 2 37 2 23 37 3 34 23 4 
13 37 1 9 38 1 
22 0 2 37 32 1 
26 23 2 0 7 2 
26 9 2 34 4 3 3 30 2 16 11 1 
31 14 4 13 27 2 19 17 4 37 30 1 28 12 1 29 12 4 22 3 2 
25 4 1 16 3 4 
4 35 3 28 33 1 
28 23 3 14 14 2 
9 19 2 5 14 4 12 32 3 
23 1 4 32 35 2 26 1 3 37 24 2 
6 11 4 35 36 4 13 4 1 25 33 3 36 36 2 24 38 4 
33 11 1 34 15 3 
20 14 2 2 35 4 17 20 2 24 9 1 
16 29 2 10 19 3 
13 23 2 0 3 1 23 2 1 11 2 4 4 33 1 
32 12 3 17 25 3 
17 16 4 6 7 4 36 13 1 
28 29 4 33 8 3 
29 5 3 15 20 1 13 31 1 32 5 4 6 36 1 
35 7 3 13 5 2 16 36 2 34 8 2 11 25 4 33 20 1 9 16 1 6 12 3 3 35 4 0 13 3 12 8 3 30 28 4 
7 19 1 27 14 4 38 39 3 
23 13 2 21 11 1 36 18 1 
2 15 1 0 34 1 34 18 3 24 25 4 
10 10 1 29 9 3 36 28 3 
29 33 4 7 1 3 22 29 3 
26 2 2 20 19 1 
28 28 1 35 6 3 9 21 2 
9 34 4 37 0 2 9 31 4 37 32 2 21 35 3 35 7 2 10 30 4 27 16 4 29 1 4 
28 7 2 32 15 3 
15 4 1 8 27 3 
15 36 1 27 36 4 
32 21 3 28 13 2 3 35 3 25 18 2 7 20 4 
20 36 2 30 27 1 38 28 2 26 17 2 
19 5 2 35 31 4 
20 28 3 5 5 2 
30 14 2 14 23 2 
17 24 3 8 39 3 30 18 4 15 24 2 
27 28 3 0 0 3 9 36 3 8 8 1 
32 15 2 1 39 2 12 8 2 31 17 3 22 28 3 
35 18 3 10 10 2 26 16 4 23 10 1 
23 9 3 5 21 1 
18 32 3 13 29 1 25 33 1 30 12 2 
3 7 1 10 15 1 39 38 1 14 26 2 
34 33 3 27 5 1 
11 33 2 11 35 1 20 0 1 7 32 4 9 31 3 
16 36 4 38 32 1 
26 19 2 32 27 1 27 19 1 
38 23 4 29 16 1 
34 14 2 8 8 4 39 9 1 32 16 2 
32 14 1 14 29 1 9 31 2 12 37 1 31 14 3 28 12 2 28 15 4 34 14 1 29 12 2 4 4 3 30 16 1 2 6 4 5 7 1 
14 14 3 14 18 1 21 19 3 
7 25 3 17 28 1 32 4 2 
5 22 2 22 2 1 30 2 2 
4 5 1 10 35 1 
1 34 3 20 10 4 34 0 3 39 3 4 8 32 2 34 9 3 
15 34 3 14 28 3 
11 22 3 12 22 3 31 31 3 5 19 3 23 20 4 30 21 4 34 39 1 3 12 4 
9 9 4 32 38 2 
12 3 1 4 39 3 6 35 3 10 3 3 33 27 2 
19 27 3 12 25 1 0 4 2 
26 34 1 5 0 1 
13 16 2 14 11 2 
16 25 3 28 17 2 17 29 4 0 6 2 8 38 2 14 25 3 0 3 3 
26 23 4 6 14 1 
0 18 3 13 33 3 26 13 2 
10 35 4 28 14 4 14 20 1 34 35 4 
34 35 3 34 18 4 
15 15 2 3 32 2 18 39 2 0 38 2 
20 11 2 16 31 4 12 38 4 
8 38 3 25 27 2 36 32 3 
22 11 1 38 35 1 
34 16 3 34 19 3 35 17 1 32 24 1 13 37 2 1 8 1 5 38 1 
13 34 3 17 26 4 19 13 3 9 15 4 
32 14 2 25 13 1 
8 13 4 14 38 3 26 8 2 36 39 3 2 18 4 
3 12 2 28 12 3 39 34 3 
4 30 2 4 7 4 
38 23 2 37 20 3 
25 0 1 30 32 4 
0 23 3 10 7 3 
25 34 2 0 1 4 30 22 4 13 22 3 37 1 2 4 1 4 2 2 3 
23 33 3 18 7 2 
33 22 3 23 22 4 
8 30 2 21 10 3 
5 18 4 3 5 4 
25 7 2 28 11 2 
20 27 3 7 27 1 26 28 3 23 30 3 4 1 3 
30 19 4 0 29 2 0 37 1 0 39 4 31 18 2 
29 10 2 11 35 2 23 7 2 0 39 1 1 39 4 27 26 1 
25 14 4 16 26 4 6 13 1 
39 13 4 4 37 4 15 25 2 0 39 2 
19 20 3 7 34 4 27 4 1 6 33 3 21 25 2 7 14 2 0 1 1 9 36 2 
29 28 1 10 6 4 29 29 3 
30 8 3 10 6 1 3 36 1 31 8 3 8 28 2 
38 3 3 10 14 4 0 12 2 
21 24 2 20 0 2 24 2 1 39 34 4 39 2 2 
12 23 3 22 22 1 13 37 3 21 17 3 37 38 3 36 21 4 
39 34 1 1 26 2 
23 31 2 13 1 3 
28 26 2 27 7 3 1 1 4 8 28 1 
0 33 2 0 29 3 0 24 3 
34 38 4 23 35 3 13 17 3 12 8 1 24 28 2 
13 11 1 22 21 4 26 35 2 
32 25 2 31 13 4 13 8 4 
6 31 4 39 3 2 
6 2 3 14 3 1 30 24 4 1 9 4 20 38 2 16 24 3 
37 12 3 2 25 3 
15 22 2 38 15 2 14 15 1 39 6 3 19 31 4 
2 13 1 32 10 2 13 20 2 0 16 1 8 4 4 34 39 4 
38 30 3 9 7 2 
17 33 1 35 1 1 39 0 3 34 20 2 
19 30 3 1 1 1 
4 19 4 3 18 2 8 20 2 31 26 1 38 2 2 39 33 4 12 10 3 30 1 4 11 36 2 21 12 1 
28 34 1 15 36 2 
5 21 2 22 33 1 27 6 4 38 29 1 18 17 2 
32 7 2 25 9 2 34 17 3 
37 28 2 31 35 2 
18 21 2 18 26 1 28 11 3 
7 2 4 0 10 2 
38 36 2 2 0 4 
37 30 3 11 24 1 37 20 2 
15 36 4 39 1 3 8 35 1 8 25 1 
32 34 3 7 22 1 
14 34 4 19 17 3 
12 4 1 34 35 1 
25 7 3 23 28 3 25 10 4 13 37 4 
3 13 1 2 8 1 7 21 4 38 38 3 38 38 1 30 11 4 22 3 1 6 37 2 8 26 2 21 39 1 37 22 2 39 26 1 
6 32 1 4 24 3 27 2 1 38 35 3 39 18 1 19 17 1 23 30 2 39 22 4 26 25 4 25 21 2 35 1 4 39 0 4 
24 35 2 14 12 2 17 14 4 16 22 1 
27 38 3 38 5 2 
1 25 2 30 3 1 
16 18 2 0 33 4 
0 22 3 5 22 1 
32 11 3 2 38 4 7 11 3 
12 37 2 3 7 4 10 0 4 33 4 2 15 20 3 33 13 1 
25 17 2 28 7 1 1 39 1 9 39 3 1 38 1 
10 31 1 6 33 2 39 0 2 28 21 2 
12 32 2 34 34 4 29 0 3 
12 32 4 21 9 2 
27 6 3 25 14 3 8 14 2 38 16 2 14 5 1 26 6 4 
21 36 3 30 14 3 22 39 4 
30 39 2 35 38 1 17 27 2 
15 13 4 31 27 2 
17 6 1 24 16 1 36 31 1 
18 27 2 38 20 2 
9 11 2 29 37 1 9 7 4 1 11 4 9 5 3 
34 26 1 31 26 4 
17 1 4 38 31 2 18 21 4 39 37 2 20 7 1 2 38 1 
31 29 2 24 11 4 14 35 3 36 4 4 
32 26 3 25 1 1 1 30 2 0 5 3 39 26 3 
14 37 2 37 22 1 37 4 4 
35 39 4 35 38 3 
33 21 4 6 5 2 2 7 2 
5 24 2 24 20 1 26 1 2 8 10 1 
31 22 1 24 34 1 9 17 3 17 33 2 3 37 1 30 23 4 6 2 1 23 23 2 4 30 3 
19 28 1 14 32 3 12 31 3 28 38 2 18 19 2 2 16 3 
11 28 1 13 38 3 
34 31 2 1 4 3 
12 17 2 10 18 4 32 38 1 
10 9 2 32 24 2 
34 2 3 0 35 4 
38 7 2 28 10 3 37 10 1 26 6 1 
23 29 2 37 35 3 4 2 2 
26 3 4 11 27 3 
38 34 1 4 6 1 8 14 1 19 3 3 37 34 2 
15 5 2 1 36 2 24 14 2 18 39 1 4 19 2 
39 39 3 35 33 2 23 6 3 3 1 4 7 24 4 21 14 2 22 15 2 
24 29 1 32 36 3 24 2 3 28 28 2 18 35 1 
24 24 4 0 7 1 23 20 3 
23 11 1 18 0 3 24 9 2 3 22 4 3 30 1 27 29 2 7 16 1 20 8 1 30 17 1 5 33 1 
33 10 4 25 26 3 
39 10 1 4 15 2 
34 26 4 1 15 2 10 7 4 6 0 3 34 6 3 26 5 2 
31 11 3 16 37 4 31 12 4 20 6 3 
17 13 3 31 19 1 31 25 4 
15 5 4 36 37 1 15 7 3 26 6 2 
13 27 4 26 1 1 16 26 2 35 6 1 
10 2 4 29 24 1 
20 21 1 21 29 3 
6 28 3 21 29 1 28 1 4 
1 18 2 26 24 3 
37 27 2 6 21 2 
7 4 1 37 25 2 33 30 1 
23 29 1 0 1 2 9 2 1 1 3 2 8 2 1 
28 24 3 2 33 1 
14 15 4 18 4 2 39 32 2 
1 12 2 38 38 4 
31 13 1 3 28 2 27 19 4 0 25 1 
31 25 3 20 19 2 
11 0 4 9 1 1 19 1 4 
11 12 3 24 23 1 
31 10 3 37 4 2 3 39 4 1 8 3 
25 5 3 21 19 4 
18 12 4 30 5 1 20 12 1 18 6 4 0 27 4 
1 3 1 2 23 2 
20 25 2 15 20 2 2 2 2 4 0 3 
11 21 4 10 22 2 18 12 1 
18 28 4 29 23 1 
14 1 3 3 17 1 0 31 3 3 34 3 
29 5 2 16 18 1 32 27 2 
9 5 2 19 11 4 11 12 4 
0 21 2 38 13 2 39 6 2 
22 6 2 16 3 1 35 15 1 4 39 2 0 36 1 15 21 1 5 28 4 
30 15 4 7 25 1 8 17 4 
4 14 2 6 23 4 
12 11 1 35 4 2 27 23 4 
0 24 1 13 22 2 1 25 1 
17 12 2 5 10 2 21 7 3 5 31 4 
26 27 3 8 12 1 
11 39 1 15 19 2 
23 2 2 6 27 3 12 22 1 
21 27 1 25 31 1 
9 27 1 7 37 1 
14 0 4 19 1 2 32 34 4 0 4 4 33 12 4 7 13 1 
26 0 3 4 32 2 38 15 1 0 31 1 
15 36 3 33 26 2 16 34 3 
16 2 1 25 10 3 18 15 4 38 35 2 36 37 2 22 30 1 
5 4 3 16 8 1 7 15 2 4 4 4 22 29 1 9 26 1 31 24 2 
11 3 2 29 39 3 39 39 4 31 21 4 
23 6 4 39 9 3 
5 27 1 14 35 1 
36 18 2 28 32 4 
16 1 1 7 6 4 35 15 3 
11 13 1 11 39 4 16 14 4 
12 6 4 10 27 1 
7 7 2 25 25 4 36 9 3 32 28 2 8 27 4 
36 5 4 28 38 1 38 0 3 22 20 1 
6 27 2 30 8 1 
20 36 3 24 32 3 0 7 4 
2 33 3 35 5 1 18 11 3 
6 15 3 29 16 3 4 14 1 4 34 1 6 13 2 
8 16 1 36 30 4 34 6 2 
38 32 2 20 14 4 
3 2 2 36 37 4 31 20 3 17 15 4 0 9 1 9 2 3 39 7 4 
28 32 3 12 6 1 26 31 3 
27 34 1 36 2 1 
24 36 1 28 20 1 
29 6 3 13 33 4 37 19 4 
4 9 1 17 23 3 
22 10 2 7 36 1 
21 37 3 33 0 2 37 28 4 1 0 3 
36 36 3 0 34 4 19 11 2 25 8 2 
5 26 3 19 33 3 32 2 2 17 32 2 35 7 1 
12 13 1 4 11 3 
37 24 3 36 28 4 
21 10 2 37 0 4 33 7 3 
30 29 1 10 30 1 
25 22 4 26 10 4 9 30 1 
32 29 4 39 38 2 36 31 4 4 16 3 7 0 1 
3 39 2 4 25 4 15 25 4 
37 12 2 4 34 2 21 11 4 9 24 4 30 8 2 2 37 1 
19 25 1 12 14 2 21 20 3 
10 28 4 17 31 4 30 5 3 12 15 4 
18 13 2 5 36 3 
25 5 2 33 2 2 5 34 4 
6 14 2 39 18 3 11 23 2 21 28 2 
32 24 3 1 0 2 
38 20 3 24 39 1 
24 32 2 13 0 2 
30 34 1 10 10 4 
10 28 1 19 39 2 33 2 3 
28 10 1 9 35 4 
13 18 4 33 36 2 20 34 3 
11 16 4 21 3 2 37 0 1 
6 14 3 5 25 3 6 17 4 35 12 4 
24 27 3 22 26 2 
22 23 4 10 1 4 2 0 3 20 29 1 18 16 3 28 6 3 
33 29 3 37 8 3 35 25 1 
24 10 1 13 38 2 
32 25 4 28 17 4 
22 0 1 17 10 3 24 4 4 
32 19 3 39 36 3 7 30 2 11 8 3 4 38 1 6 21 1 
33 11 3 29 25 2 2 24 2 
13 29 4 13 28 3 38 9 3 21 32 2 36 10 1 17 20 3 
12 30 4 27 33 1 3 15 3 14 25 2 
11 4 2 13 5 4 
2 21 2 39 2 4 28 8 3 3 24 3 3 22 2 24 4 3 17 28 4 
31 2 3 33 2 1 
0 36 2 8 10 2 
16 27 3 28 30 2 2 29 4 
32 33 4 30 20 1 17 36 1 36 17 2 
22 22 2 13 36 2 
17 6 4 19 13 1 30 30 3 27 3 1 39 39 2 29 26 4 
23 25 4 5 22 3 2 22 4 29 34 2 35 32 4 6 33 4 35 3 4 
32 4 1 2 27 1 
11 14 3 4 2 3 4 37 3 33 28 2 
19 37 4 14 39 2 
0 11 2 14 21 4 
9 27 4 29 18 4 33 39 1 9 37 4 8 11 1 35 8 1 33 36 3 26 16 2 34 13 3 12 22 2 32 0 2 37 21 4 23 3 3 27 35 4 4 26 2 
5 4 4 38 39 1 
34 4 1 5 34 1 34 22 1 
14 33 1 2 3 4 38 10 4 
32 15 1 35 21 1 2 28 1 
24 1 1 7 6 1 27 0 1 9 8 4 10 4 3 
24 32 1 24 31 2 
22 32 4 2 2 4 
21 15 3 27 3 4 
17 19 2 36 19 4 38 1 1 8 39 4 
23 0 1 27 20 1 32 22 3 6 28 4 
26 39 3 1 18 3 12 21 4 
23 0 3 13 6 3 
8 31 3 12 30 1 
27 12 4 4 25 3 32 30 4 
1 19 3 36 0 1 
12 31 2 10 18 3 
38 22 2 39 22 2 37 17 3 19 24 3 
32 7 1 14 11 4 14 37 4 
1 19 4 13 27 3 0 20 3 
11 20 2 35 39 3 
27 3 3 15 22 1 19 4 2 20 16 2 
2 38 3 17 22 2 
35 18 4 33 14 3 32 3 1 3 34 2 13 6 2 39 20 2 
9 12 1 26 39 1 39 39 1 
36 3 1 30 0 1 
34 25 2 21 2 2 36 35 4 34 5 3 36 13 2 23 38 4 3 5 2 
36 10 2 31 22 3 4 35 2 11 38 1 34 9 4 
15 35 2 39 30 4 17 29 2 17 39 2 
3 3 2 39 16 1 15 27 1 
14 25 4 15 26 3 14 33 2 18 22 3 35 9 1 
32 17 4 33 16 2 5 39 4 7 2 3 33 17 2 32 20 1 10 31 2 
1 6 4 13 29 3 
28 35 1 31 30 4 
13 20 1 31 36 4 37 39 1 7 39 1 3 8 2 
1 18 1 3 11 3 
26 11 1 22 16 2 
19 26 2 18 20 2 
12 37 4 37 1 3 
27 31 2 0 4 3 
11 37 3 11 32 4 
18 35 3 1 20 2 
4 15 3 2 30 2 39 38 4 
13 2 4 8 11 2 12 4 2 5 15 2 17 37 1 
25 16 3 15 22 4 18 8 3 6 17 2 
30 7 1 1 37 3 38 12 3 
8 33 1 39 13 1 39 6 1 
32 20 2 7 29 1 14 24 1 
1 13 4 25 11 1 27 37 2 5 17 3 
36 12 4 36 21 2 9 6 3 15 27 2 34 12 2 34 19 2 
33 28 3 9 6 4 23 1 1 
32 28 3 33 17 4 11 26 1 
13 15 4 12 14 1 
34 34 1 29 11 4 13 11 2 2 17 4 3 26 2 8 8 3 
32 10 1 20 32 3 8 12 4 
11 8 1 3 28 3 14 18 2 
21 35 1 1 4 2 26 34 4 
1 27 4 31 24 4 
36 6 1 12 36 1 
23 32 4 36 21 3 
36 25 3 33 19 1 23 16 3 26 10 2 
20 18 1 27 33 2 
23 23 3 3 7 3 1 23 3 
13 33 2 37 5 4 
23 15 1 28 14 3 32 18 2 
15 14 3 10 30 2 23 33 1 
7 6 3 19 6 4 
5 2 3 18 35 4 
16 5 4 38 6 3 8 17 1 22 39 3 
37 9 3 8 29 2 36 39 4 
28 12 4 23 19 3 
35 27 4 35 30 1 13 31 4 
28 2 4 28 0 2 26 4 1 
15 28 1 6 12 1 10 22 3 
39 34 2 22 13 3 
5 21 3 34 36 4 
8 21 3 9 24 3 8 22 2 36 22 3 
17 2 3 15 24 4 39 37 4 16 6 1 6 10 1 9 39 2 21 36 2 14 14 1 24 6 3 11 31 4 
21 4 4 38 11 2 1 11 2 16 4 1 
23 35 1 2 39 3 0 15 2 39 35 1 
34 32 2 35 17 2 31 19 4 24 4 1 
12 31 4 23 19 1 34 27 3 
25 20 4 3 1 1 
36 20 1 34 21 1 6 4 1 
24 7 3 8 28 4 7 31 2 
19 25 2 16 7 2 39 1 2 
26 5 1 23 12 3 22 38 1 30 6 4 
16 23 4 3 24 4 18 28 3 
3 19 3 25 17 1 2 5 3 8 18 2 
10 32 4 15 15 3 
18 25 2 37 6 2 
3 5 3 32 23 1 14 17 2 31 5 4 
38 17 1 28 25 3 8 33 3 13 4 2 17 17 4 5 39 2 
6 31 2 37 20 1 36 17 4 5 10 3 17 12 3 
16 28 4 17 31 1 
17 1 3 17 14 3 36 27 1 24 21 2 
23 26 3 18 15 1 25 2 2 23 29 3 
13 25 2 13 12 3 37 10 4 10 23 2 
19 4 4 6 23 1 22 23 1 
6 35 4 17 26 3 39 23 1 
14 31 4 36 21 1 35 0 1 22 30 2 13 20 3 34 3 3 38 33 4 
30 35 2 14 3 4 25 7 4 
30 37 4 29 38 3 9 30 2 7 0 4 32 29 1 
19 33 2 39 4 2 
6 37 3 29 9 1 
36 25 2 1 4 4 18 23 2 0 6 3 6 8 4 33 30 4 
1 11 3 39 27 3 28 37 2 26 35 1 
12 35 4 8 37 3 19 22 1 
10 21 1 38 1 3 28 1 1 33 14 2 
23 17 3 36 35 3 
6 39 4 7 38 3 
15 6 3 17 17 2 
2 23 3 10 1 1 32 9 1 1 27 1 
24 38 1 16 5 3 4 9 4 30 0 2 5 38 3 31 34 3 34 28 4 18 29 3 
12 1 1 27 39 2 12 10 2 10 1 3 1 9 3 16 33 3 31 35 3 
1 21 1 6 19 4 31 28 2 
30 23 1 16 38 2 
0 5 1 36 26 3 
6 26 2 35 2 4 29 37 2 30 10 4 
20 15 1 1 34 1 
31 29 1 31 23 1 0 3 4 24 13 3 31 26 2 
1 6 1 39 35 4 8 7 1 23 10 2 2 8 3 1 7 2 6 15 2 
22 12 2 19 10 1 1 37 2 31 11 4 
37 15 3 6 38 1 34 13 1 
14 14 4 32 2 4 
27 8 2 11 37 2 
38 14 4 33 37 2 12 23 2 15 10 1 
26 15 1 30 15 2 
9 34 1 29 22 4 
33 15 1 26 12 1 34 17 1 
5 9 1 22 8 2 1 37 1 10 4 4 37 36 1 19 31 3 31 7 2 
23 6 1 5 35 3 
28 9 2 13 7 1 8 5 4 
27 20 2 23 18 4 
18 3 4 29 25 1 39 8 1 18 4 1 6 16 4 
10 37 4 10 36 2 
18 14 3 15 13 2 
27 23 3 22 13 4 
32 4 4 35 1 3 
29 19 1 19 3 2 18 39 3 30 25 2 
25 35 3 5 31 3 38 10 3 
2 37 3 4 23 1 
32 36 2 23 25 2 28 18 4 18 0 4 
34 25 1 25 6 4 25 35 1 14 2 1 15 17 3 6 1 4 
2 7 1 6 29 3 5 8 3 8 15 3 8 23 3 
39 21 3 28 35 3 
5 11 3 2 7 3 36 23 2 
33 37 1 7 10 3 31 32 4 18 38 4 
16 33 1 15 25 3 21 35 4 38 0 1 2 35 3 24 3 1 32 22 1 16 32 3 
22 11 2 15 10 4 
31 27 3 13 31 3 
26 33 3 21 37 4 
19 2 1 37 39 4 5 39 1 20 22 3 23 11 3 
12 14 4 27 10 2 
35 29 1 1 0 1 30 33 2 
15 38 3 7 31 3 
34 0 4 5 5 1 15 34 4 25 38 3 4 28 3 
0 11 4 7 11 2 27 25 1 12 0 1 19 9 4 
24 24 3 5 27 2 4 11 4 11 14 1 0 29 1 
36 35 1 22 12 4 
27 29 4 11 7 1 
28 25 1 29 25 3 10 5 3 29 24 4 
16 7 4 28 37 3 14 8 1 
2 29 1 3 16 1 27 9 4 25 32 1 
10 3 4 19 33 4 
7 1 1 31 4 1 39 33 1 38 5 1 
25 3 1 15 19 4 29 7 3 21 0 4 
5 31 1 15 14 1 
0 11 3 23 15 4 36 31 3 5 5 3 25 20 3 16 15 3 
26 28 4 30 26 4 21 11 2 3 4 2 4 5 3 13 1 1 31 34 1 
12 0 4 18 1 2 5 24 1 9 9 2 
8 17 2 31 36 1 
31 33 1 11 33 1 
14 19 4 1 28 1 8 6 2 37 9 4 25 32 2 
17 12 1 11 17 3 
5 1 4 3 11 4 32 21 2 9 3 4 33 22 1 
14 38 2 16 25 2 35 5 2 
39 8 4 14 8 3 19 32 1 39 7 1 
18 25 3 35 0 3 
33 8 1 9 38 2 39 35 3 37 29 1 17 38 3 38 2 1 30 4 3 34 13 2 
27 37 3 9 13 4 33 4 4 25 29 4 29 31 2 29 11 2 6 3 3 26 35 4 1 2 2 36 34 3 28 16 3 
36 32 1 17 18 1 29 14 4 8 19 1 13 27 1 31 31 1 21 28 3 16 29 3 
39 10 2 5 16 1 3 38 1 32 20 3 
27 11 3 8 18 3 14 36 3 27 9 1 24 9 4 8 31 1 29 6 2 
28 9 4 2 28 3 
9 11 4 31 28 1 39 33 2 27 24 1 37 34 4 37 13 4 
31 24 3 26 24 2 24 30 4 6 22 3 
16 36 3 29 31 4 
19 9 1 12 2 2 36 7 1 16 3 2 10 20 2 32 34 1 22 34 4 
5 19 4 21 12 2 
18 24 1 29 26 2 39 3 1 
19 28 3 19 26 1 34 4 4 
29 8 3 13 34 2 
4 13 2 35 35 1 
11 2 2 0 25 3 27 39 3 
5 6 1 20 14 1 26 28 2 
23 25 1 6 26 3 
4 12 2 11 13 4 37 4 3 
39 4 4 32 0 1 
10 13 2 9 20 2 
18 27 3 35 0 2 8 33 2 19 29 1 1 26 1 
3 33 2 2 20 1 
13 24 1 21 12 4 34 6 1 
38 6 1 13 3 4 38 14 3 38 24 2 
39 16 2 33 15 4 35 15 4 1 36 1 
39 2 3 37 2 4 
5 18 3 3 3 3 38 38 2 
15 1 4 32 2 3 
27 6 1 36 23 3 20 21 3 
8 0 3 5 6 3 11 8 2 33 30 2 6 8 3 
37 15 2 6 7 2 
22 16 1 22 13 2 24 17 4 21 39 4 
23 7 4 11 7 3 
21 13 3 17 9 2 37 31 1 30 38 1 23 31 4 
23 2 3 32 28 1 18 19 3 
9 30 4 15 38 1 
33 4 1 6 22 1 
32 6 1 38 29 3 1 11 1 35 4 4 3 39 3 
13 12 4 2 36 2 
12 17 1 6 22 2 
0 8 2 1 12 1 
28 0 4 6 5 3 
17 19 1 5 23 1 22 9 1 
13 13 3 24 6 1 26 36 2 
2 5 1 19 5 4 
20 24 2 0 1 3 24 23 3 
35 19 2 34 27 2 
6 4 4 21 23 1 27 27 1 
7 14 3 12 34 2 
7 18 3 12 18 4 14 20 3 6 17 1 12 12 4 
29 6 1 14 31 2 31 7 3 
11 15 1 11 18 4 
26 18 4 37 26 2 27 9 3 
16 23 3 2 27 2 
10 23 4 33 3 3 
2 10 1 37 16 1 
18 12 3 2 29 3 20 11 1 
23 23 4 33 9 1 
38 28 3 33 6 3 
38 17 4 30 17 4 28 5 3 
18 28 2 36 27 4 
34 24 1 22 4 1 
0 31 2 32 0 3 
23 27 2 22 29 4 26 18 3 
5 29 1 34 1 3 
25 37 2 5 12 3 
24 19 1 5 0 3 32 17 3 5 33 3 15 18 2 
1 27 3 35 2 1 
8 22 1 26 18 2 7 21 3 7 21 1 37 32 3 32 1 2 19 26 4 
32 33 3 10 16 1 2 1 1 
20 30 3 1 31 1 
25 36 4 22 4 4 12 29 1 1 2 3 1 0 4 15 22 3 29 15 4 32 9 4 
21 9 3 32 2 1 
5 14 3 8 8 2 39 36 1 4 8 4 22 7 2 11 17 4 29 17 4 14 12 4 6 20 4 
25 8 4 16 39 3 37 38 2 7 39 3 0 23 1 36 35 2 27 7 1 24 7 2 
26 10 1 33 3 4 
8 13 3 27 20 3 
0 17 1 33 39 3 36 38 1 
11 20 4 38 1 4 23 17 4 
14 39 1 5 4 2 5 38 4 
12 36 4 30 9 4 
20 26 3 6 13 4 28 7 4 
22 18 2 2 34 3 29 31 3 
2 6 1 2 8 4 32 19 4 39 30 2 0 2 3 
17 30 1 7 4 3 38 0 2 10 2 2 11 14 2 16 31 3 24 15 4 
32 14 3 4 33 3 
31 16 2 22 16 3 9 38 4 7 18 1 38 30 2 18 14 2 22 31 4 21 34 2 38 33 1 28 11 4 19 15 2 24 14 3 31 18 1 34 23 2 
10 34 2 7 34 3 
32 22 2 11 9 1 5 8 1 12 27 2 
18 28 1 16 30 1 1 8 2 
37 29 3 7 12 4 12 4 4 11 19 2 21 19 1 
21 0 3 31 38 1 18 2 1 36 34 4 29 0 1 5 20 1 
15 4 3 14 6 1 
12 15 1 16 10 4 36 37 3 38 15 3 37 28 1 
19 24 1 33 3 2 
25 19 1 26 24 1 
30 9 3 0 36 4 
36 6 3 37 7 3 
2 27 3 36 2 2 34 38 2 37 3 2 29 19 3 
35 5 4 4 35 4 34 3 1 
2 13 2 2 19 1 38 28 4 39 25 3 36 18 4 14 7 2 
20 37 2 23 39 1 19 35 2 
19 9 2 39 27 1 34 29 4 13 23 3 
12 7 3 14 4 4 23 17 2 21 23 2 12 9 2 20 1 4 11 11 2 31 23 4 39 5 2 
11 9 4 4 22 3 
12 30 3 39 20 3 23 21 4 
10 13 1 3 0 2 13 9 3 
3 35 2 39 2 1 33 38 4 13 30 1 16 28 2 21 27 3 16 30 2 
3 38 3 16 28 3 17 7 4 28 3 3 3 34 1 
6 36 4 21 33 4 39 32 1 9 28 4 37 1 1 
38 19 2 2 9 2 
15 38 4 32 19 1 4 21 3 2 30 4 
25 6 1 28 5 2 4 16 4 1 36 4 29 7 1 35 20 3 
2 19 2 14 20 4 13 21 1 
21 38 4 21 37 1 12 31 1 19 33 1 
16 14 3 13 30 2 33 13 4 0 9 3 30 37 2 17 16 1 36 30 2 24 14 1 21 18 1 25 39 3 12 16 3 32 12 2 1 32 2 
20 33 1 20 36 1 21 32 4 
18 16 4 31 20 4 18 18 3 
3 20 3 28 11 1 
27 37 4 37 35 2 29 28 2 17 19 3 
30 27 3 5 1 3 10 6 3 16 37 2 
34 37 4 24 25 3 
30 0 3 26 23 3 4 31 4 16 16 4 
31 20 1 9 11 1 28 36 2 28 23 1 15 29 2 21 5 3 37 22 4 9 5 1 4 24 4 
18 6 1 15 6 1 38 8 4 34 8 3 19 3 4 35 16 3 
30 29 4 18 23 4 33 38 2 
18 4 4 6 36 3 28 1 2 
35 37 2 38 36 4 34 10 3 
37 33 3 15 2 4 28 1 3 
30 12 3 7 37 3 28 30 4 0 38 4 
7 2 1 37 36 2 
18 33 1 29 35 3 
24 5 3 30 31 3 
13 36 1 19 2 4 38 24 3 26 37 2 
30 18 2 1 37 4 29 19 2 29 22 1 16 18 3 
13 9 4 25 15 3 15 7 1 12 7 1 
29 24 3 19 18 1 29 30 2 
39 16 3 39 19 2 38 14 2 16 2 4 
37 19 1 7 0 3 
6 24 1 22 19 3 27 22 1 37 26 4 
5 30 2 11 18 3 
13 1 4 17 25 2 
16 15 1 26 10 3 32 23 3 16 12 2 17 13 4 18 17 4 7 29 3 38 34 3 9 11 3 22 30 4 
16 6 4 9 2 2 19 35 1 28 32 2 29 14 2 
3 2 3 36 20 2 
3 27 1 2 35 1 
29 21 2 30 17 3 36 0 2 
29 13 1 32 26 2 
24 15 1 19 17 2 
6 33 1 2 32 2 
27 7 4 28 28 4 6 37 4 38 20 4 
24 26 1 34 11 1 
21 30 3 4 0 2 
23 27 1 3 0 3 19 22 2 6 39 2 
24 27 2 23 18 3 27 3 2 
24 13 4 0 33 3 23 22 2 15 4 4 9 12 3 7 10 4 17 11 2 1 39 3 25 18 3 9 20 1 
27 4 3 26 5 3 31 28 3 18 2 2 0 38 3 33 21 3 
27 39 4 21 2 3 
10 3 2 10 8 3 38 27 2 
34 2 4 4 38 4 
37 3 4 23 26 4 21 27 2 32 32 1 
24 17 1 5 7 4 
1 22 3 37 8 2 27 27 2 10 27 2 26 38 1 4 23 2 
35 8 3 2 11 3 
6 22 4 17 10 2 
1 14 2 1 10 3 10 6 2 
29 27 4 31 21 2 28 31 2 30 26 2 11 2 1 
25 36 1 35 25 2 17 21 3 37 33 4 28 25 2 
22 35 3 15 15 1 1 35 3 5 9 3 
29 22 2 1 7 4 
16 19 2 11 13 2 
21 35 2 7 22 4 
26 20 4 27 19 2 33 22 2 
24 34 4 21 8 1 
11 34 3 16 23 2 
35 10 1 2 31 1 
17 3 4 19 18 2 
38 32 4 37 31 3 
18 29 1 37 23 3 15 30 2 23 30 4 30 39 4 14 20 2 33 1 2 0 24 2 32 17 2 
27 22 4 30 16 3 
2 15 3 8 7 2 
5 25 1 16 19 1 36 7 3 30 12 1 12 19 1 
8 20 1 32 11 1 7 33 2 28 27 1 25 13 4 9 23 2 11 22 1 11 1 2 4 19 3 9 19 1 9 20 4 39 1 4 25 18 4 3 3 4 7 33 3 36 5 1 
38 22 4 6 38 4 
39 17 2 9 32 3 29 17 1 11 36 3 17 14 2 24 38 2 33 31 2 1 34 4 
26 13 1 22 17 2 35 16 1 15 12 2 3 24 2 9 26 4 0 35 3 
28 19 2 36 26 4 15 12 1 29 14 3 
28 36 3 12 0 2 23 32 3 2 24 1 
39 21 1 18 9 3 1 22 2 26 0 2 
25 1 2 13 35 3 
29 7 2 7 39 2 0 21 3 29 33 1 
5 32 3 17 0 1 22 28 1 22 2 3 
4 14 4 30 24 2 
14 1 2 8 0 2 18 14 4 32 35 3 
26 31 1 23 37 4 37 21 1 24 18 4 
15 23 1 39 7 3 22 1 4 
5 3 4 3 21 4 27 5 3 18 30 2 
21 27 4 31 22 4 21 31 2 35 33 3 16 33 4 
38 22 1 13 33 1 26 20 1 
29 0 2 18 7 1 
7 17 2 8 22 4 30 13 1 34 15 1 0 10 3 
3 30 3 29 1 1 22 38 3 
33 39 2 8 16 3 
29 26 1 28 10 4 
7 31 4 20 27 2 
5 16 4 15 33 2 13 12 1 10 12 1 14 23 1 
36 14 2 25 25 1 
11 15 2 12 14 3 
36 11 1 35 22 2 
22 5 2 1 30 1 
24 5 1 35 37 3 34 17 4 6 14 4 36 29 4 11 15 3 36 8 3 
1 20 4 36 29 1 
2 31 4 33 2 4 31 15 1 
7 23 3 19 20 1 
23 39 3 26 33 2 5 1 2 
35 13 3 11 39 2 14 16 3 
23 2 4 23 1 3 32 3 4 
24 12 3 16 13 3 
5 24 4 3 25 4 
38 10 2 15 39 3 
7 26 2 6 9 3 
0 28 3 5 26 1 31 1 3 6 7 1 7 29 4 6 18 1 16 16 3 
0 4 1 30 6 3 36 24 1 
6 21 3 12 20 4 31 33 4 38 20 1 1 12 4 
23 0 2 18 5 4 
23 7 1 14 28 4 30 36 4 16 0 2 26 6 3 39 14 1 
18 22 2 14 35 2 24 28 1 7 3 4 22 31 2 36 8 1 27 31 1 
14 8 2 19 28 4 18 13 4 
23 5 3 7 35 3 
20 22 2 20 27 1 36 0 3 0 12 3 27 23 2 21 24 4 20 31 1 26 24 4 
30 14 1 24 25 2 8 36 4 17 18 2 30 1 3 21 16 3 
12 35 3 31 15 4 34 5 1 10 25 3 8 34 2 
11 27 1 32 26 1 21 15 2 35 3 1 23 7 3 24 11 2 35 3 2 11 0 3 
0 20 4 36 5 2 9 27 2 2 26 2 14 27 3 19 19 1 
27 1 2 7 1 2 14 39 4 
1 21 3 38 2 3 28 19 4 38 2 4 8 39 2 0 26 4 6 20 2 0 17 4 
19 38 2 30 19 2 3 0 4 5 17 4 
37 37 4 14 13 3 22 27 1 27 38 4 
33 18 4 2 39 4 
25 34 4 1 1 3 39 32 4 2 12 2 9 18 3 10 11 3 
12 3 2 38 22 3 27 16 2 11 5 2 12 4 3 
24 0 3 25 12 3 
10 9 1 13 14 4 36 32 4 37 27 3 39 21 4 9 9 3 
11 4 3 36 30 3 14 1 4 
27 17 2 28 17 3 12 25 4 
37 29 4 8 1 2 
26 26 4 8 4 3 10 14 3 1 3 4 26 32 4 
7 14 4 28 0 1 17 14 1 25 1 4 
20 39 2 13 8 1 19 10 4 18 37 1 
17 7 1 20 5 1 
26 34 3 4 3 4 20 20 1 7 19 2 21 32 1 21 30 2 10 5 2 
13 13 1 7 18 4 33 31 3 37 31 4 31 4 2 8 22 3 9 24 2 
23 1 2 23 11 4 10 31 4 38 11 1 8 30 4 
19 14 2 22 15 1 29 10 3 0 6 1 15 11 4 
4 34 4 9 37 1 31 8 2 
12 11 4 39 27 4 32 28 4 
20 26 1 20 28 2 31 4 4 
7 28 1 7 29 2 9 4 3 37 3 1 
-1 -1 -1 -1 -1 -1