20
18 0 1 19 16 3 0 17 1 
9 7 4 18 16 1 18 5 1 5 7 3 
2 3 1 16 4 3 3 19 4 
11 5 3 1 9 2 10 16 4 2 19 3 
19 0 4 3 11 1 16 2 4 14 4 1 
9 19 2 9 13 1 
16 1 4 18 3 2 10 6 4 16 0 2 2 14 3 13 17 2 
2 15 3 2 10 2 7 18 4 5 11 4 13 3 1 
5 18 2 5 4 4 13 15 4 17 14 3 10 9 4 
0 0 3 17 15 3 2 0 2 
18 16 2 8 16 4 
12 6 1 17 14 1 11 4 2 
11 7 3 6 5 2 
19 8 4 14 12 2 15 0 4 
19 13 3 17 19 1 
11 9 3 10 9 1 
15 19 3 5 9 2 16 6 1 16 2 3 
17 10 4 4 3 1 0 3 2 
0 8 2 9 6 4 0 11 3 
10 12 3 17 0 3 0 17 4 
0 10 1 11 19 4 13 17 4 
10 19 1 17 6 2 19 18 2 1 9 3 
1 16 2 18 4 2 1 14 1 
3 18 4 18 9 4 18 6 1 8 19 1 
15 6 1 0 17 3 14 19 3 0 16 2 8 16 2 0 19 2 16 1 1 2 0 1 16 3 1 18 19 4 
8 14 2 3 15 3 1 2 2 
13 8 3 14 15 4 
0 18 3 0 17 2 1 11 1 
18 10 4 16 8 2 0 2 1 12 2 2 2 10 1 2 0 4 
8 4 3 9 5 2 3 8 4 
14 11 4 7 13 4 0 18 1 6 15 1 
2 14 2 19 4 1 2 12 4 
1 17 4 7 17 2 8 4 1 
15 2 2 0 14 4 0 2 4 3 17 3 15 14 4 
15 7 4 0 16 3 
5 13 1 13 12 4 
1 5 1 4 1 1 
9 0 4 10 3 1 
18 4 1 19 12 1 17 2 2 
10 1 2 2 18 2 13 5 4 3 7 4 
12 14 2 3 0 3 14 18 4 
8 12 1 7 11 1 
16 0 3 13 0 3 12 8 2 5 13 2 
14 16 3 15 13 3 2 2 3 
6 8 4 18 6 4 19 18 3 0 6 4 
12 9 4 3 19 1 15 11 3 8 9 4 12 14 4 
8 3 2 19 17 1 6 0 3 
18 15 4 14 13 4 13 16 1 12 19 2 18 16 4 17 5 3 13 1 4 
14 15 3 15 1 4 5 2 4 
5 5 3 15 9 3 4 15 4 
12 19 1 9 19 3 
6 2 4 4 13 1 16 18 4 11 5 4 19 13 1 
2 2 4 18 12 1 17 17 4 6 3 1 6 6 4 15 18 3 8 16 1 
11 12 3 18 18 4 
5 8 2 12 16 3 
3 18 1 17 8 3 
10 7 2 9 16 1 
15 1 2 14 12 4 1 3 2 10 7 1 
12 15 4 16 18 3 1 18 4 0 13 2 
18 8 3 16 7 2 7 9 4 
3 16 2 16 7 4 14 5 1 11 14 3 
0 13 4 16 10 1 
9 11 2 18 0 2 
6 10 4 13 3 2 
8 15 2 4 10 1 18 8 4 
4 15 2 3 0 4 
11 8 3 12 8 1 1 18 1 1 15 2 
17 7 4 1 13 2 15 2 1 16 4 1 4 4 2 9 0 2 15 8 2 2 1 4 
4 5 1 14 19 4 14 11 2 17 7 3 19 18 1 
3 4 1 8 14 4 
6 7 3 18 3 4 
16 14 1 6 3 4 1 1 2 1 10 2 1 8 1 0 5 1 19 14 3 13 6 4 13 15 2 
9 19 1 8 19 4 18 0 3 7 4 2 
17 14 4 1 3 4 
5 2 2 15 15 4 15 19 4 
5 17 1 17 1 1 2 0 3 
6 10 1 8 8 4 15 18 4 
18 12 3 7 16 3 
6 18 4 3 1 4 
2 5 3 16 18 2 
14 17 3 2 4 1 12 11 4 
1 7 2 14 4 2 2 8 4 18 14 4 
6 1 2 18 18 2 
13 8 4 14 8 3 16 5 4 10 14 3 14 8 1 13 9 1 1 1 1 
6 6 2 19 17 2 13 2 4 
9 12 4 4 14 4 
16 14 4 2 17 3 
10 4 3 19 18 4 18 14 2 2 12 1 12 3 3 0 2 2 5 19 2 
1 12 1 0 12 3 
13 16 3 11 16 2 17 2 1 
9 15 2 9 0 1 
14 3 2 2 17 1 2 13 4 11 9 4 
8 10 1 18 5 4 
4 17 4 11 1 2 10 2 1 
7 10 2 8 11 1 13 11 3 
9 5 4 2 15 4 
3 1 1 15 15 1 
3 12 2 1 7 1 
17 18 4 12 10 2 0 0 4 
19 6 3 2 19 1 16 12 1 19 9 3 12 15 1 15 14 2 4 19 1 8 8 3 
7 0 4 5 0 2 7 2 4 6 0 2 
7 12 3 18 0 4 
10 17 1 9 17 3 17 0 1 8 11 2 
5 5 4 5 8 4 10 15 3 5 7 2 6 12 1 
10 1 4 7 14 2 0 19 4 
7 15 4 5 6 3 
6 4 2 15 17 2 8 1 3 5 11 2 0 3 3 6 3 2 1 5 3 11 14 2 
0 10 4 4 19 3 2 6 4 
6 17 4 19 5 2 9 15 3 
9 18 1 3 8 1 
19 1 3 17 1 4 
11 16 1 11 1 3 
10 8 2 0 19 1 17 19 4 
0 7 1 4 19 2 16 18 1 
14 10 4 4 18 2 
7 7 4 18 18 1 
5 18 3 16 14 2 
12 19 3 5 6 2 
5 14 2 3 15 1 
16 6 4 16 15 1 
17 8 1 0 1 3 19 11 4 16 5 1 13 7 2 4 0 1 13 4 4 
15 13 2 8 0 2 9 2 4 
3 16 4 2 9 1 3 17 4 3 14 1 
8 19 2 5 19 3 
4 0 2 14 2 4 19 14 4 
5 3 3 18 17 4 18 13 1 1 18 3 7 2 2 14 17 1 19 9 4 10 2 3 
7 12 2 17 2 3 13 1 2 12 9 3 19 0 2 
10 19 3 12 11 3 18 15 2 
16 17 1 14 16 4 9 16 3 
1 15 1 9 2 2 0 4 4 2 3 3 
11 15 4 9 11 4 3 9 1 
18 18 3 3 10 1 3 10 3 11 8 1 1 2 3 
18 4 4 0 4 3 10 11 1 
10 11 3 4 7 4 17 11 2 
16 13 4 15 3 4 11 7 1 
2 19 4 18 1 3 4 9 3 
18 1 1 16 5 2 
6 1 1 19 2 2 
13 4 2 15 2 4 
4 4 4 9 15 4 
16 12 3 10 12 4 0 13 3 17 7 1 3 0 2 13 7 3 
9 3 4 10 3 3 5 2 1 14 0 4 1 19 4 10 8 4 12 0 3 
-1 -1 -1 -1 -1 -1