12
1 4 2 1 2 1 
10 8 3 0 1 2 
2 4 3 2 5 1 
3 8 3 11 10 1 
4 2 1 11 9 2 6 8 3 1 11 1 
6 5 2 8 8 4 
6 6 4 5 5 1 
0 8 4 9 8 3 11 1 1 
5 4 1 4 4 4 
0 1 3 5 10 2 11 6 2 2 4 4 10 11 3 
4 7 4 0 2 4 
4 5 4 7 6 4 
5 1 2 1 9 4 
4 8 3 10 0 4 4 9 2 
11 0 3 4 10 2 3 5 2 
8 9 4 1 1 3 0 0 1 
7 8 4 8 11 1 
5 10 1 7 11 2 
10 9 3 6 5 4 0 0 3 
11 3 2 2 11 1 10 3 4 8 0 3 
4 3 4 9 5 1 11 11 3 
7 4 2 0 6 3 2 0 3 
2 6 2 9 10 2 
8 5 3 8 4 2 9 4 3 0 7 2 3 0 1 6 1 1 0 0 2 
3 5 1 9 3 1 1 11 3 9 2 1 11 2 3 
9 4 4 3 0 3 8 10 4 9 5 3 
5 2 3 7 5 3 5 8 3 9 5 2 5 1 3 1 11 4 0 10 2 9 11 3 2 2 3 
10 10 4 10 8 1 
2 6 4 9 8 1 1 8 3 1 6 1 8 6 1 
0 8 1 2 9 4 6 1 3 
5 4 3 3 1 1 3 7 1 4 4 3 7 4 4 
3 1 3 5 1 1 11 5 4 
6 2 3 4 0 3 
5 0 1 2 2 2 4 11 4 6 3 1 10 1 3 
8 3 3 5 6 1 7 2 3 0 11 4 0 10 4 3 10 1 1 8 4 
11 7 3 8 1 4 5 4 2 
11 1 4 5 5 2 
6 2 2 0 7 1 
4 6 4 2 8 4 8 1 3 5 7 3 3 6 3 
11 9 3 5 0 4 6 6 1 3 8 1 
6 8 1 4 0 2 11 3 4 
3 11 4 7 3 3 3 4 2 11 11 2 0 5 1 2 11 3 3 6 2 
7 8 3 10 9 2 0 0 4 
10 5 3 3 10 2 
8 6 4 0 8 2 
2 7 3 11 0 4 11 11 4 10 1 2 10 1 4 1 7 4 7 10 3 3 0 4 
9 0 4 8 1 1 11 7 2 
0 3 1 8 10 3 1 4 3 
10 4 3 7 9 1 
0 4 3 4 7 1 0 11 3 
10 9 1 4 1 3 6 11 4 
-1 -1 -1 -1 -1 -1